1 11 8
1 25 9
1 32 14
2 23 23
2 28 7
3 7 -10
3 10 13
3 22 16
3 26 8
3 33 13
4 5 30
5 9 16
7 23 8
7 45 22
8 38 13
10 42 16
10 44 18
10 49 20
12 19 29
12 20 24
14 31 22
14 46 9
15 11 7
15 47 6
15 48 15
16 31 11
16 39 20
17 11 30
17 18 22
18 17 23
18 20 23
18 26 15
19 5 21
19 10 11
19 43 24
20 9 15
20 16 23
20 23 8
21 27 16
21 33 7
23 3 28
23 6 23
23 14 28
23 16 9
24 8 9
24 43 27
25 15 30
25 16 22
25 42 26
25 47 25
26 47 23
27 16 14
28 4 6
30 12 28
31 13 9
31 33 13
31 42 24
31 43 11
32 9 15
32 22 14
32 24 -6
33 17 24
33 26 24
34 31 16
35 10 19
35 31 26
36 12 23
36 16 12
36 24 9
37 14 16
38 3 14
38 14 -13
40 13 22
40 22 17
40 32 23
41 24 18
41 32 26
41 39 25
42 1 29
42 22 27
42 50 -5
43 24 11
43 28 11
43 36 20
43 49 24
44 11 28
44 23 13
45 10 20
45 22 13
45 26 28
45 29 10
45 31 11
45 43 12
46 33 12
46 34 -27
46 44 -25
47 18 14
48 21 21
49 45 9
50 45 23
