1 5 14
1 19 14
1 26 12
2 19 11
2 27 6
3 4 6
4 3 6
4 18 11
5 1 14
5 9 5
6 11 14
6 39 7
7 32 7
7 35 13
8 35 12
8 49 8
9 5 5
9 42 7
10 37 6
11 6 14
11 21 7
11 28 12
12 20 10
12 38 7
12 45 12
13 28 14
14 45 10
14 50 9
15 25 10
15 48 5
16 29 10
17 24 10
18 4 11
18 19 10
18 43 11
19 1 14
19 2 11
19 18 10
20 12 10
20 35 8
21 11 7
22 34 15
22 44 11
23 31 14
24 17 10
24 44 8
24 47 6
25 15 10
26 1 12
26 34 9
27 2 6
27 38 12
28 11 12
28 13 14
29 16 10
29 31 14
30 50 15
31 23 14
31 29 14
31 45 7
32 7 7
33 48 13
34 22 15
34 26 9
34 46 7
35 7 13
35 8 12
35 20 8
35 37 13
35 48 11
36 41 6
37 10 6
37 35 13
38 12 7
38 27 12
39 6 7
39 41 10
40 41 8
41 36 6
41 39 10
41 40 8
41 43 9
42 9 7
43 18 11
43 41 9
44 22 11
44 24 8
45 12 12
45 14 10
45 31 7
46 34 7
47 24 6
48 15 5
48 33 13
48 35 11
49 8 8
50 14 9
50 30 15
