2 27 10
3 37 11
4 11 21
5 12 19
5 21 19
6 17 -11
6 27 6
7 24 13
7 27 15
7 28 7
8 24 20
8 48 21
9 39 -22
10 34 26
11 32 25
11 34 26
12 1 10
12 25 28
12 34 17
13 18 17
13 20 17
13 24 8
13 27 7
14 50 11
15 7 30
15 31 4
15 43 10
15 47 25
16 6 22
17 12 23
17 13 6
18 1 21
18 40 8
18 41 23
19 32 16
19 49 30
20 44 5
21 32 10
21 38 6
22 21 28
23 17 23
23 40 29
24 41 5
24 43 12
25 26 18
26 19 8
26 33 21
26 40 5
28 3 7
28 9 9
28 16 13
28 26 10
28 29 14
28 49 28
30 2 21
30 3 8
30 8 24
31 26 25
32 1 25
32 6 8
32 17 19
32 27 28
33 3 20
34 23 12
35 18 10
35 36 7
36 10 19
37 40 15
38 42 14
39 21 7
39 22 16
40 3 11
41 28 24
41 29 18
42 25 14
43 18 16
43 23 21
44 21 16
45 40 -14
46 22 27
47 13 16
47 14 25
47 46 7
48 43 9
50 28 7
