1 2 23
1 4 21
1 10 30
1 25 18
1 30 20
1 31 13
1 32 7
1 33 12
1 35 26
1 36 21
1 43 24
1 44 18
2 1 23
2 5 16
2 6 25
2 20 23
2 23 14
2 24 24
2 29 18
2 34 19
2 42 14
2 43 21
3 4 25
3 7 8
3 9 17
3 11 10
3 14 15
3 15 6
3 18 14
3 25 17
3 27 9
3 30 10
3 31 6
3 34 7
3 38 25
3 39 14
3 44 24
3 47 19
4 1 21
4 3 25
4 6 5
4 7 13
4 8 17
4 14 21
4 16 23
4 24 20
4 33 18
4 34 28
4 35 16
4 41 15
4 49 28
4 50 24
5 2 16
5 18 12
5 20 28
5 22 7
5 28 13
5 30 19
5 32 14
5 35 11
5 36 7
5 38 5
5 41 14
5 46 11
5 48 28
6 2 25
6 4 5
6 19 24
6 20 8
6 25 8
6 29 12
6 30 18
6 34 11
6 36 10
6 42 26
6 50 28
7 3 8
7 4 13
7 10 22
7 20 27
7 32 17
7 38 13
7 46 5
7 48 30
8 4 17
8 10 7
8 16 22
8 32 17
8 35 6
8 36 14
8 38 30
9 3 17
9 10 29
9 12 5
9 15 26
9 21 12
9 26 20
9 29 9
9 33 25
9 36 19
10 1 30
10 7 22
10 8 7
10 9 29
10 19 23
10 32 25
10 39 27
10 45 29
11 3 10
11 12 29
11 18 13
11 21 10
11 23 23
11 24 8
11 25 26
11 26 6
11 33 14
11 34 21
11 37 10
11 44 25
12 9 5
12 11 29
12 23 28
12 24 18
12 25 30
12 31 7
12 49 22
13 17 27
13 27 29
13 36 13
13 39 26
13 46 19
14 3 15
14 4 21
14 23 22
14 24 8
14 26 7
14 48 27
15 3 6
15 9 26
15 32 12
15 35 28
15 38 15
15 40 12
15 43 25
15 44 29
15 47 21
15 48 18
16 4 23
16 8 22
16 18 12
16 19 8
16 21 22
16 33 15
16 35 21
16 37 10
16 39 28
16 41 23
16 42 15
16 44 24
16 48 23
16 49 17
17 13 27
17 29 25
17 38 26
17 46 15
17 48 16
18 3 14
18 5 12
18 11 13
18 16 12
18 32 30
18 33 9
18 44 5
18 45 22
18 46 12
18 48 5
19 6 24
19 10 23
19 16 8
19 21 9
19 26 20
19 27 26
19 28 10
19 34 27
19 36 21
19 46 9
19 49 30
20 2 23
20 5 28
20 6 8
20 7 27
20 25 24
20 35 20
20 42 19
20 45 12
21 9 12
21 11 10
21 16 22
21 19 9
21 27 9
21 30 19
21 31 10
21 36 6
21 38 17
21 39 24
21 45 18
21 47 21
21 48 8
22 5 7
22 26 12
22 31 25
22 33 25
22 34 25
22 39 6
22 40 15
22 47 17
22 48 30
23 2 14
23 11 23
23 12 28
23 14 22
23 25 17
23 26 13
23 29 22
23 36 12
23 40 25
24 2 24
24 4 20
24 11 8
24 12 18
24 14 8
24 25 12
24 27 14
24 47 8
25 1 18
25 3 17
25 6 8
25 11 26
25 12 30
25 20 24
25 23 17
25 24 12
25 27 14
25 30 5
25 34 22
25 38 10
25 39 30
25 40 10
25 41 20
25 47 19
26 9 20
26 11 6
26 14 7
26 19 20
26 22 12
26 23 13
26 29 22
26 36 30
26 39 20
26 40 19
26 42 13
26 47 14
26 48 20
26 50 11
27 3 9
27 13 29
27 19 26
27 21 9
27 24 14
27 25 14
27 32 17
27 35 27
27 46 21
28 5 13
28 19 10
28 29 24
28 33 5
28 39 10
28 40 8
28 45 9
28 50 25
29 2 18
29 6 12
29 9 9
29 17 25
29 23 22
29 26 22
29 28 24
29 37 5
29 39 9
29 47 11
30 1 20
30 3 10
30 5 19
30 6 18
30 21 19
30 25 5
30 34 19
30 41 10
30 50 18
31 1 13
31 3 6
31 12 7
31 21 10
31 22 25
31 33 24
31 40 5
31 47 8
31 49 5
31 50 25
32 1 7
32 5 14
32 7 17
32 8 17
32 10 25
32 15 12
32 18 30
32 27 17
32 34 19
32 35 27
32 39 11
32 41 22
33 1 12
33 4 18
33 9 25
33 11 14
33 16 15
33 18 9
33 22 25
33 28 5
33 31 24
33 41 7
34 2 19
34 3 7
34 4 28
34 6 11
34 11 21
34 19 27
34 22 25
34 25 22
34 30 19
34 32 19
34 39 29
34 41 28
34 43 18
34 50 20
35 1 26
35 4 16
35 5 11
35 8 6
35 15 28
35 16 21
35 20 20
35 27 27
35 32 27
35 43 28
35 46 27
36 1 21
36 5 7
36 6 10
36 8 14
36 9 19
36 13 13
36 19 21
36 21 6
36 23 12
36 26 30
36 48 10
37 11 10
37 16 10
37 29 5
37 38 12
37 42 18
38 3 25
38 5 5
38 7 13
38 8 30
38 15 15
38 17 26
38 21 17
38 25 10
38 37 12
38 50 24
39 3 14
39 10 27
39 13 26
39 16 28
39 21 24
39 22 6
39 25 30
39 26 20
39 28 10
39 29 9
39 32 11
39 34 29
39 41 6
39 45 7
40 15 12
40 22 15
40 23 25
40 25 10
40 26 19
40 28 8
40 31 5
40 44 12
40 46 24
40 49 8
41 4 15
41 5 14
41 16 23
41 25 20
41 30 10
41 32 22
41 33 7
41 34 28
41 39 6
41 46 29
41 48 27
41 49 6
42 2 14
42 6 26
42 16 15
42 20 19
42 26 13
42 37 18
43 1 24
43 2 21
43 15 25
43 34 18
43 35 28
43 45 29
44 1 18
44 3 24
44 11 25
44 15 29
44 16 24
44 18 5
44 40 12
44 45 13
44 46 9
45 10 29
45 18 22
45 20 12
45 21 18
45 28 9
45 39 7
45 43 29
45 44 13
46 5 11
46 7 5
46 13 19
46 17 15
46 18 12
46 19 9
46 27 21
46 35 27
46 40 24
46 41 29
46 44 9
46 47 22
46 50 23
47 3 19
47 15 21
47 21 21
47 22 17
47 24 8
47 25 19
47 26 14
47 29 11
47 31 8
47 46 22
48 5 28
48 7 30
48 14 27
48 15 18
48 16 23
48 17 16
48 18 5
48 21 8
48 22 30
48 26 20
48 36 10
48 41 27
49 4 28
49 12 22
49 16 17
49 19 30
49 31 5
49 40 8
49 41 6
50 4 24
50 6 28
50 26 11
50 28 25
50 30 18
50 31 25
50 34 20
50 38 24
50 46 23
