1 23 13
2 47 11
3 8 7
3 18 29
4 11 23
4 12 25
4 31 27
4 41 22
4 46 28
5 22 16
5 28 10
7 3 -27
7 4 25
8 10 22
8 28 -23
8 31 18
9 7 24
9 33 14
11 18 28
11 33 23
12 20 5
12 37 29
12 47 23
13 26 25
13 43 5
13 45 18
14 32 22
14 48 20
15 21 16
16 18 28
16 26 7
17 26 6
18 6 5
18 8 12
18 27 14
18 37 26
18 42 16
19 23 23
19 30 22
20 10 25
20 24 30
20 34 20
20 45 10
20 49 25
22 8 16
22 41 30
23 1 24
23 18 26
24 7 27
24 40 27
25 20 -23
25 37 8
25 47 14
26 9 22
26 31 5
26 49 22
27 5 11
27 29 24
28 8 12
28 9 8
28 16 -12
29 5 12
29 14 10
29 16 10
29 33 -7
29 49 11
30 10 21
31 14 7
31 49 26
32 38 19
33 29 6
34 2 6
35 24 16
36 21 22
36 40 24
36 49 24
37 18 23
37 25 6
37 28 7
37 36 25
37 43 15
38 19 18
39 14 29
39 32 17
39 50 30
40 3 28
40 23 6
40 32 5
41 1 25
41 2 19
41 47 25
43 49 11
44 22 16
45 22 -15
46 42 12
47 13 7
47 14 20
47 43 9
49 8 12
49 38 24
