0 23 0 21 0 0 0 0 0 30 0 0 0 0 0 0 0 0 0 0 0 0 0 0 18 0 0 0 0 20 13 7 12 0 26 21 0 0 0 0 0 0 24 18 0 0 0 0 0 0 
23 0 0 0 16 25 0 0 0 0 0 0 0 0 0 0 0 0 0 23 0 0 14 24 0 0 0 0 18 0 0 0 0 19 0 0 0 0 0 0 0 14 21 0 0 0 0 0 0 0 
0 0 0 25 0 0 8 0 17 0 10 0 0 15 6 0 0 14 0 0 0 0 0 0 17 0 9 0 0 10 6 0 0 7 0 0 0 25 14 0 0 0 0 24 0 0 19 0 0 0 
21 0 25 0 0 5 13 17 0 0 0 0 0 21 0 23 0 0 0 0 0 0 0 20 0 0 0 0 0 0 0 0 18 28 16 0 0 0 0 0 15 0 0 0 0 0 0 0 28 24 
0 16 0 0 0 0 0 0 0 0 0 0 0 0 0 0 0 12 0 28 0 7 0 0 0 0 0 13 0 19 0 14 0 0 11 7 0 5 0 0 14 0 0 0 0 11 0 28 0 0 
0 25 0 5 0 0 0 0 0 0 0 0 0 0 0 0 0 0 24 8 0 0 0 0 8 0 0 0 12 18 0 0 0 11 0 10 0 0 0 0 0 26 0 0 0 0 0 0 0 28 
0 0 8 13 0 0 0 0 0 22 0 0 0 0 0 0 0 0 0 27 0 0 0 0 0 0 0 0 0 0 0 17 0 0 0 0 0 13 0 0 0 0 0 0 0 5 0 30 0 0 
0 0 0 17 0 0 0 0 0 7 0 0 0 0 0 22 0 0 0 0 0 0 0 0 0 0 0 0 0 0 0 17 0 0 6 14 0 30 0 0 0 0 0 0 0 0 0 0 0 0 
0 0 17 0 0 0 0 0 0 29 0 5 0 0 26 0 0 0 0 0 12 0 0 0 0 20 0 0 9 0 0 0 25 0 0 19 0 0 0 0 0 0 0 0 0 0 0 0 0 0 
30 0 0 0 0 0 22 7 29 0 0 0 0 0 0 0 0 0 23 0 0 0 0 0 0 0 0 0 0 0 0 25 0 0 0 0 0 0 27 0 0 0 0 0 29 0 0 0 0 0 
0 0 10 0 0 0 0 0 0 0 0 29 0 0 0 0 0 13 0 0 10 0 23 8 26 6 0 0 0 0 0 0 14 21 0 0 10 0 0 0 0 0 0 25 0 0 0 0 0 0 
0 0 0 0 0 0 0 0 5 0 29 0 0 0 0 0 0 0 0 0 0 0 28 18 30 0 0 0 0 0 7 0 0 0 0 0 0 0 0 0 0 0 0 0 0 0 0 0 22 0 
0 0 0 0 0 0 0 0 0 0 0 0 0 0 0 0 27 0 0 0 0 0 0 0 0 0 29 0 0 0 0 0 0 0 0 13 0 0 26 0 0 0 0 0 0 19 0 0 0 0 
0 0 15 21 0 0 0 0 0 0 0 0 0 0 0 0 0 0 0 0 0 0 22 8 0 7 0 0 0 0 0 0 0 0 0 0 0 0 0 0 0 0 0 0 0 0 0 27 0 0 
0 0 6 0 0 0 0 0 26 0 0 0 0 0 0 0 0 0 0 0 0 0 0 0 0 0 0 0 0 0 0 12 0 0 28 0 0 15 0 12 0 0 25 29 0 0 21 18 0 0 
0 0 0 23 0 0 0 22 0 0 0 0 0 0 0 0 0 12 8 0 22 0 0 0 0 0 0 0 0 0 0 0 15 0 21 0 10 0 28 0 23 15 0 24 0 0 0 23 17 0 
0 0 0 0 0 0 0 0 0 0 0 0 27 0 0 0 0 0 0 0 0 0 0 0 0 0 0 0 25 0 0 0 0 0 0 0 0 26 0 0 0 0 0 0 0 15 0 16 0 0 
0 0 14 0 12 0 0 0 0 0 13 0 0 0 0 12 0 0 0 0 0 0 0 0 0 0 0 0 0 0 0 30 9 0 0 0 0 0 0 0 0 0 0 5 22 12 0 5 0 0 
0 0 0 0 0 24 0 0 0 23 0 0 0 0 0 8 0 0 0 0 9 0 0 0 0 20 26 10 0 0 0 0 0 27 0 21 0 0 0 0 0 0 0 0 0 9 0 0 30 0 
0 23 0 0 28 8 27 0 0 0 0 0 0 0 0 0 0 0 0 0 0 0 0 0 24 0 0 0 0 0 0 0 0 0 20 0 0 0 0 0 0 19 0 0 12 0 0 0 0 0 
0 0 0 0 0 0 0 0 12 0 10 0 0 0 0 22 0 0 9 0 0 0 0 0 0 0 9 0 0 19 10 0 0 0 0 6 0 17 24 0 0 0 0 0 18 0 21 8 0 0 
0 0 0 0 7 0 0 0 0 0 0 0 0 0 0 0 0 0 0 0 0 0 0 0 0 12 0 0 0 0 25 0 25 25 0 0 0 0 6 15 0 0 0 0 0 0 17 30 0 0 
0 14 0 0 0 0 0 0 0 0 23 28 0 22 0 0 0 0 0 0 0 0 0 0 17 13 0 0 22 0 0 0 0 0 0 12 0 0 0 25 0 0 0 0 0 0 0 0 0 0 
0 24 0 20 0 0 0 0 0 0 8 18 0 8 0 0 0 0 0 0 0 0 0 0 12 0 14 0 0 0 0 0 0 0 0 0 0 0 0 0 0 0 0 0 0 0 8 0 0 0 
18 0 17 0 0 8 0 0 0 0 26 30 0 0 0 0 0 0 0 24 0 0 17 12 0 0 14 0 0 5 0 0 0 22 0 0 0 10 30 10 20 0 0 0 0 0 19 0 0 0 
0 0 0 0 0 0 0 0 20 0 6 0 0 7 0 0 0 0 20 0 0 12 13 0 0 0 0 0 22 0 0 0 0 0 0 30 0 0 20 19 0 13 0 0 0 0 14 20 0 11 
0 0 9 0 0 0 0 0 0 0 0 0 29 0 0 0 0 0 26 0 9 0 0 14 14 0 0 0 0 0 0 17 0 0 27 0 0 0 0 0 0 0 0 0 0 21 0 0 0 0 
0 0 0 0 13 0 0 0 0 0 0 0 0 0 0 0 0 0 10 0 0 0 0 0 0 0 0 0 24 0 0 0 5 0 0 0 0 0 10 8 0 0 0 0 9 0 0 0 0 25 
0 18 0 0 0 12 0 0 9 0 0 0 0 0 0 0 25 0 0 0 0 0 22 0 0 22 0 24 0 0 0 0 0 0 0 0 5 0 9 0 0 0 0 0 0 0 11 0 0 0 
20 0 10 0 19 18 0 0 0 0 0 0 0 0 0 0 0 0 0 0 19 0 0 0 5 0 0 0 0 0 0 0 0 19 0 0 0 0 0 0 10 0 0 0 0 0 0 0 0 18 
13 0 6 0 0 0 0 0 0 0 0 7 0 0 0 0 0 0 0 0 10 25 0 0 0 0 0 0 0 0 0 0 24 0 0 0 0 0 0 5 0 0 0 0 0 0 8 0 5 25 
7 0 0 0 14 0 17 17 0 25 0 0 0 0 12 0 0 30 0 0 0 0 0 0 0 0 17 0 0 0 0 0 0 19 27 0 0 0 11 0 22 0 0 0 0 0 0 0 0 0 
12 0 0 18 0 0 0 0 25 0 14 0 0 0 0 15 0 9 0 0 0 25 0 0 0 0 0 5 0 0 24 0 0 0 0 0 0 0 0 0 7 0 0 0 0 0 0 0 0 0 
0 19 7 28 0 11 0 0 0 0 21 0 0 0 0 0 0 0 27 0 0 25 0 0 22 0 0 0 0 19 0 19 0 0 0 0 0 0 29 0 28 0 18 0 0 0 0 0 0 20 
26 0 0 16 11 0 0 6 0 0 0 0 0 0 28 21 0 0 0 20 0 0 0 0 0 0 27 0 0 0 0 27 0 0 0 0 0 0 0 0 0 0 28 0 0 27 0 0 0 0 
21 0 0 0 7 10 0 14 19 0 0 0 13 0 0 0 0 0 21 0 6 0 12 0 0 30 0 0 0 0 0 0 0 0 0 0 0 0 0 0 0 0 0 0 0 0 0 10 0 0 
0 0 0 0 0 0 0 0 0 0 10 0 0 0 0 10 0 0 0 0 0 0 0 0 0 0 0 0 5 0 0 0 0 0 0 0 0 12 0 0 0 18 0 0 0 0 0 0 0 0 
0 0 25 0 5 0 13 30 0 0 0 0 0 0 15 0 26 0 0 0 17 0 0 0 10 0 0 0 0 0 0 0 0 0 0 0 12 0 0 0 0 0 0 0 0 0 0 0 0 24 
0 0 14 0 0 0 0 0 0 27 0 0 26 0 0 28 0 0 0 0 24 6 0 0 30 20 0 10 9 0 0 11 0 29 0 0 0 0 0 0 6 0 0 0 7 0 0 0 0 0 
0 0 0 0 0 0 0 0 0 0 0 0 0 0 12 0 0 0 0 0 0 15 25 0 10 19 0 8 0 0 5 0 0 0 0 0 0 0 0 0 0 0 0 12 0 24 0 0 8 0 
0 0 0 15 14 0 0 0 0 0 0 0 0 0 0 23 0 0 0 0 0 0 0 0 20 0 0 0 0 10 0 22 7 28 0 0 0 0 6 0 0 0 0 0 0 29 0 27 6 0 
0 14 0 0 0 26 0 0 0 0 0 0 0 0 0 15 0 0 0 19 0 0 0 0 0 13 0 0 0 0 0 0 0 0 0 0 18 0 0 0 0 0 0 0 0 0 0 0 0 0 
24 21 0 0 0 0 0 0 0 0 0 0 0 0 25 0 0 0 0 0 0 0 0 0 0 0 0 0 0 0 0 0 0 18 28 0 0 0 0 0 0 0 0 0 29 0 0 0 0 0 
18 0 24 0 0 0 0 0 0 0 25 0 0 0 29 24 0 5 0 0 0 0 0 0 0 0 0 0 0 0 0 0 0 0 0 0 0 0 0 12 0 0 0 0 13 9 0 0 0 0 
0 0 0 0 0 0 0 0 0 29 0 0 0 0 0 0 0 22 0 12 18 0 0 0 0 0 0 9 0 0 0 0 0 0 0 0 0 0 7 0 0 0 29 13 0 0 0 0 0 0 
0 0 0 0 11 0 5 0 0 0 0 0 19 0 0 0 15 12 9 0 0 0 0 0 0 0 21 0 0 0 0 0 0 0 27 0 0 0 0 24 29 0 0 9 0 0 22 0 0 23 
0 0 19 0 0 0 0 0 0 0 0 0 0 0 21 0 0 0 0 0 21 17 0 8 19 14 0 0 11 0 8 0 0 0 0 0 0 0 0 0 0 0 0 0 0 22 0 0 0 0 
0 0 0 0 28 0 30 0 0 0 0 0 0 27 18 23 16 5 0 0 8 30 0 0 0 20 0 0 0 0 0 0 0 0 0 10 0 0 0 0 27 0 0 0 0 0 0 0 0 0 
0 0 0 28 0 0 0 0 0 0 0 22 0 0 0 17 0 0 30 0 0 0 0 0 0 0 0 0 0 0 5 0 0 0 0 0 0 0 0 8 6 0 0 0 0 0 0 0 0 0 
0 0 0 24 0 28 0 0 0 0 0 0 0 0 0 0 0 0 0 0 0 0 0 0 0 11 0 25 0 18 25 0 0 20 0 0 0 24 0 0 0 0 0 0 0 23 0 0 0 0 
