1 20 50
1 29 8
1 40 29
1 41 47
1 43 6
1 49 21
2 5 32
2 17 11
2 28 26
2 48 39
3 18 7
3 32 19
3 36 41
3 41 42
4 20 14
4 32 19
4 50 5
5 2 32
5 6 45
5 10 22
5 21 20
5 41 28
6 5 45
6 15 44
6 37 5
6 42 29
6 46 24
7 9 31
7 12 47
7 27 22
7 50 32
8 31 21
9 7 31
9 14 26
9 25 8
9 35 34
9 37 15
9 38 15
9 46 32
10 5 22
10 16 30
10 22 8
10 28 15
10 30 10
10 49 26
11 16 10
11 17 12
11 21 44
11 26 40
12 7 47
12 22 24
12 23 25
12 24 43
12 30 19
12 45 22
13 14 11
13 15 10
13 43 39
13 49 39
14 9 26
14 13 11
14 32 50
15 6 44
15 13 10
16 10 30
16 11 10
16 31 34
16 37 5
16 48 38
17 2 11
17 11 12
17 21 32
17 29 12
17 37 13
18 3 7
18 30 24
18 44 35
19 39 30
20 1 50
20 4 14
20 21 16
20 29 39
20 46 40
20 49 14
21 5 20
21 11 44
21 17 32
21 20 16
21 50 39
22 10 8
22 12 24
22 26 35
22 40 26
22 47 20
23 12 25
23 30 34
23 33 14
23 39 28
23 40 26
24 12 43
24 29 6
24 31 39
24 37 14
24 48 11
25 9 8
25 32 12
25 48 15
26 11 40
26 22 35
26 33 45
26 45 24
27 7 22
27 31 43
27 47 35
27 49 6
28 2 26
28 10 15
28 44 46
29 1 8
29 17 12
29 20 39
29 24 6
29 47 19
30 10 10
30 12 19
30 18 24
30 23 34
30 35 13
30 46 12
31 8 21
31 16 34
31 24 39
31 27 43
31 36 8
31 42 12
32 3 19
32 4 19
32 14 50
32 25 12
33 23 14
33 26 45
33 38 15
33 48 18
34 46 41
35 9 34
35 30 13
35 39 26
35 42 39
35 46 26
36 3 41
36 31 8
36 41 48
36 45 42
37 6 5
37 9 15
37 16 5
37 17 13
37 24 14
38 9 15
38 33 15
38 44 49
39 19 30
39 23 28
39 35 26
39 40 16
39 46 18
40 1 29
40 22 26
40 23 26
40 39 16
41 1 47
41 3 42
41 5 28
41 36 48
41 44 18
42 6 29
42 31 12
42 35 39
43 1 6
43 13 39
44 18 35
44 28 46
44 38 49
44 41 18
44 50 8
45 12 22
45 26 24
45 36 42
45 47 18
46 6 24
46 9 32
46 20 40
46 30 12
46 34 41
46 35 26
46 39 18
47 22 20
47 27 35
47 29 19
47 45 18
47 48 11
47 50 8
48 2 39
48 16 38
48 24 11
48 25 15
48 33 18
48 47 11
49 1 21
49 10 26
49 13 39
49 20 14
49 27 6
50 4 5
50 7 32
50 21 39
50 44 8
50 47 8
