1 17 19
1 46 23
2 9 23
2 12 10
3 31 20
4 48 18
4 50 5
5 28 24
6 20 12
6 48 25
7 10 19
8 22 5
8 27 7
9 2 23
9 19 5
9 24 9
9 26 25
9 29 7
10 7 19
10 14 18
10 35 9
11 15 23
11 16 20
12 2 10
13 36 23
13 44 18
14 10 18
14 16 9
14 17 13
14 31 13
14 36 7
15 11 23
16 11 20
16 14 9
17 1 19
17 14 13
17 21 22
17 49 20
18 30 15
18 34 5
18 40 24
19 9 5
20 6 12
21 17 22
21 25 5
22 8 5
22 40 22
23 28 17
24 9 9
24 43 23
25 21 5
25 33 17
25 37 10
25 38 22
25 39 22
25 43 24
26 9 25
26 27 18
27 8 7
27 26 18
28 5 24
28 23 17
28 46 12
28 50 10
29 9 7
29 42 6
30 18 15
31 3 20
31 14 13
32 45 5
32 46 17
32 48 5
33 25 17
34 18 5
34 37 12
35 10 9
35 38 17
36 13 23
36 14 7
37 25 10
37 34 12
38 25 22
38 35 17
38 49 24
39 25 22
40 18 24
40 22 22
41 50 5
42 29 6
42 47 13
43 24 23
43 25 24
43 47 19
44 13 18
45 32 5
46 1 23
46 28 12
46 32 17
47 42 13
47 43 19
48 4 18
48 6 25
48 32 5
49 17 20
49 38 24
50 4 5
50 28 10
50 41 5
