1 24 9
2 10 5
2 24 6
3 15 18
4 6 10
4 7 8
4 23 8
4 25 6
5 24 8
6 4 10
6 23 10
7 4 8
7 10 7
7 21 5
8 9 8
8 17 8
8 19 6
9 8 8
9 13 7
9 16 7
9 20 7
9 24 10
10 2 5
10 7 7
11 12 5
12 11 5
12 14 7
13 9 7
13 18 6
13 25 7
14 12 7
14 17 5
14 20 8
14 23 8
15 3 18
15 17 9
16 9 7
16 17 6
17 8 8
17 14 5
17 15 9
17 16 6
17 18 8
17 21 10
18 13 6
18 17 8
19 8 6
19 23 8
20 9 7
20 14 8
20 22 8
21 7 5
21 17 10
22 20 8
23 4 8
23 6 10
23 14 8
23 19 8
23 24 9
24 1 9
24 2 6
24 5 8
24 9 10
24 23 9
24 25 7
25 4 6
25 13 7
25 24 7
