1 23 48
1 25 57
1 27 97
1 30 32
1 31 3
1 34 41
1 36 83
1 47 58
1 55 47
1 62 63
1 76 80
1 82 47
1 90 20
1 92 97
1 96 6
2 32 87
2 57 85
2 81 38
2 94 67
2 99 12
3 17 33
3 25 5
3 46 99
3 50 37
3 64 83
3 77 18
4 3 41
4 25 67
4 28 87
4 43 77
4 44 94
4 53 24
4 54 50
4 61 81
4 63 51
4 81 52
5 7 83
5 24 19
5 31 52
5 39 42
5 52 29
5 75 84
5 76 27
5 78 88
5 85 73
5 90 32
6 30 49
6 35 30
6 42 31
6 48 32
6 73 22
6 94 96
7 3 41
7 6 75
7 14 10
7 16 21
7 46 34
7 52 37
7 53 36
7 63 70
7 77 75
7 90 90
7 91 26
8 1 99
8 38 85
8 86 31
9 14 23
9 15 88
9 38 22
9 45 94
9 51 57
9 52 93
9 70 66
9 77 28
9 82 91
9 86 28
9 89 10
9 90 91
9 93 14
9 97 42
10 3 52
10 7 39
10 11 41
10 17 41
10 51 41
10 56 67
10 94 69
10 96 85
11 7 37
11 26 25
11 31 65
11 46 30
11 50 44
11 56 31
11 81 13
11 98 20
12 6 5
12 18 93
12 21 37
12 31 35
12 33 81
12 47 86
12 48 41
12 58 58
12 65 95
12 75 45
12 83 94
12 85 35
13 3 55
13 32 71
13 35 34
13 46 97
13 75 68
13 83 3
13 89 100
13 97 52
14 3 56
14 10 44
14 11 61
14 20 36
14 26 38
14 38 28
14 62 99
14 70 54
14 79 48
14 80 73
14 86 48
14 100 50
15 2 93
15 13 18
15 21 82
15 39 41
15 81 28
15 88 40
16 5 52
16 17 85
16 21 46
16 22 12
16 24 83
16 31 21
16 39 56
16 50 19
16 51 43
16 69 80
16 75 43
17 7 20
17 31 13
17 43 10
17 52 58
17 55 48
17 58 10
17 63 94
17 70 59
17 75 64
17 83 99
17 93 96
17 96 8
18 27 61
18 38 70
18 40 35
18 59 10
18 62 8
18 68 65
18 79 97
18 96 36
18 98 71
19 7 24
19 26 60
19 29 16
19 35 85
19 39 68
19 40 56
19 51 18
19 53 61
19 74 14
19 93 19
20 12 12
20 40 21
20 46 60
20 82 80
20 100 13
21 6 97
21 9 21
21 18 22
21 26 94
21 28 67
21 50 28
21 59 15
22 12 28
22 13 2
22 14 10
22 20 89
22 21 66
22 37 8
22 44 4
22 50 7
22 62 5
22 63 24
22 85 39
22 92 12
23 5 57
23 11 66
23 17 53
23 19 60
23 33 25
23 38 79
23 45 16
23 48 58
23 64 60
23 74 47
23 75 99
23 79 70
24 8 17
24 9 9
24 14 99
24 15 53
24 19 48
24 33 95
24 41 27
24 47 92
24 49 86
24 58 29
24 88 43
25 6 14
25 7 87
25 17 55
25 22 52
25 23 36
25 32 85
25 35 64
25 40 94
25 43 63
25 79 91
25 85 66
25 90 24
25 97 46
26 3 12
26 62 90
26 74 12
26 77 81
26 82 97
26 92 42
27 11 64
27 14 83
27 23 72
27 56 80
27 61 79
27 81 26
27 84 89
27 88 58
28 5 76
28 8 72
28 14 79
28 18 59
28 52 78
28 68 40
28 87 69
28 99 99
29 37 21
29 39 30
29 41 71
29 42 62
29 44 52
29 46 35
29 55 73
29 60 65
29 77 72
29 86 45
29 91 6
29 93 60
29 100 81
30 27 35
30 35 92
30 43 86
30 60 82
30 61 69
30 62 54
30 75 69
30 83 91
31 3 53
31 26 60
31 34 27
31 44 37
31 58 74
31 69 77
31 96 78
32 9 86
32 15 80
32 47 26
32 53 50
32 64 90
32 81 4
32 92 94
32 94 75
33 13 73
33 16 71
33 26 17
33 47 47
33 54 74
33 77 21
33 100 37
34 30 65
34 33 73
34 39 63
34 53 93
34 81 88
34 86 93
34 97 67
35 7 18
35 10 17
35 40 54
35 41 9
35 59 68
35 62 41
35 76 27
35 88 84
35 89 64
36 2 79
36 3 37
36 4 47
36 9 92
36 13 94
36 31 77
36 35 30
36 40 27
36 55 44
36 82 14
36 91 52
37 11 45
37 20 53
37 26 4
37 27 80
37 44 90
37 45 77
37 50 28
37 52 70
37 72 85
37 75 73
37 76 21
38 28 92
38 31 62
38 39 45
38 41 89
38 54 55
38 58 19
38 81 72
38 100 47
39 9 24
39 11 3
39 45 10
39 50 67
39 59 53
39 76 6
39 87 56
39 88 73
40 1 96
40 8 70
40 14 79
40 17 28
40 42 99
40 58 23
40 62 78
40 64 12
40 88 17
40 90 97
40 92 78
41 4 2
41 9 44
41 10 41
41 11 85
41 27 95
41 37 72
41 43 95
41 55 86
41 60 76
41 71 69
41 80 73
41 97 54
42 2 96
42 4 31
42 9 34
42 21 65
42 24 81
42 31 45
42 32 50
42 41 99
42 45 37
42 47 20
42 61 48
42 62 70
42 66 100
42 84 76
42 86 38
42 88 71
42 96 74
42 98 43
43 1 12
43 27 66
43 45 24
43 91 40
44 12 69
44 15 89
44 34 73
44 45 57
44 50 86
44 52 50
44 65 75
44 68 69
44 83 61
44 92 95
44 94 11
45 3 5
45 5 78
45 8 78
45 38 63
45 59 34
45 83 29
45 89 22
46 1 55
46 30 75
46 35 79
46 39 31
46 40 85
46 41 58
46 48 28
46 60 64
46 69 79
46 88 40
46 94 98
46 98 37
47 7 62
47 45 91
47 46 95
47 56 19
47 74 11
47 85 80
47 90 95
48 5 6
48 15 96
48 44 24
48 61 50
48 65 50
48 81 70
49 3 8
49 6 80
49 7 27
49 8 40
49 16 33
49 39 11
49 55 42
49 70 31
49 87 54
50 6 45
50 15 16
50 20 20
50 25 71
50 26 48
50 32 14
50 36 88
50 43 54
50 59 57
50 62 17
50 67 43
50 91 79
51 5 33
51 18 66
51 31 64
51 49 42
51 55 23
51 78 20
51 84 62
51 92 12
51 94 99
51 97 67
52 19 10
52 29 24
52 53 29
52 58 42
52 59 38
52 68 2
52 75 2
52 80 75
52 85 90
53 6 35
53 9 91
53 14 16
53 24 55
53 35 8
53 72 81
53 77 97
53 99 3
54 17 82
54 30 17
54 37 88
54 66 12
54 76 21
54 78 77
55 3 3
55 14 13
55 15 7
55 18 28
55 43 51
55 45 31
55 46 76
55 52 46
55 60 67
55 68 88
55 74 62
55 84 32
56 19 94
56 24 48
56 29 16
56 36 16
56 51 95
56 63 21
56 66 51
56 76 28
56 87 77
56 89 45
56 90 30
56 97 9
57 23 27
57 26 30
57 33 77
57 36 3
57 48 6
57 49 8
57 51 81
57 65 100
57 69 34
57 70 32
57 94 74
57 98 42
57 100 16
58 11 11
58 25 20
58 33 6
58 74 77
58 86 71
58 97 15
59 15 92
59 17 27
59 20 54
59 44 75
59 46 52
59 56 17
59 76 84
59 77 44
59 84 40
60 1 55
60 10 43
60 42 99
60 53 69
60 54 68
60 59 14
60 62 11
60 63 62
60 72 39
60 74 74
60 79 83
60 99 16
61 5 3
61 6 63
61 16 31
61 32 41
61 33 18
61 35 64
61 36 32
61 56 15
61 62 56
61 73 25
61 77 23
61 80 28
61 97 74
62 5 88
62 13 69
62 45 14
62 51 3
62 53 15
62 54 73
62 84 72
62 89 89
62 90 73
63 21 20
63 26 93
63 30 34
63 48 85
63 49 88
63 82 20
63 89 20
63 90 4
64 1 42
64 8 100
64 9 37
64 11 5
64 25 75
64 26 87
64 38 3
64 47 51
64 54 6
64 69 63
64 73 27
64 76 58
64 90 97
64 93 16
65 30 30
65 49 82
65 56 35
65 76 8
65 84 76
65 89 34
65 92 49
65 93 58
66 14 52
66 16 43
66 46 57
66 55 27
66 86 26
66 91 79
66 96 44
67 2 83
67 4 52
67 12 54
67 15 35
67 16 21
67 18 32
67 20 75
67 41 22
67 51 85
67 57 50
67 61 76
67 63 20
67 81 60
67 86 87
67 92 99
68 1 26
68 33 89
68 34 26
68 50 90
68 59 16
68 70 42
68 83 55
68 84 9
69 1 78
69 14 14
69 15 18
69 20 15
69 35 92
69 52 26
69 53 60
69 55 46
69 71 50
69 86 49
69 93 53
70 10 42
70 11 88
70 16 97
70 59 83
70 61 30
70 71 80
70 74 51
70 79 56
70 85 99
70 98 72
70 99 55
71 10 88
71 13 28
71 15 89
71 21 66
71 39 43
71 40 24
71 45 47
71 46 79
71 74 71
71 79 98
72 5 99
72 13 10
72 25 53
72 26 51
72 30 55
72 31 19
72 35 100
72 63 29
72 65 38
72 68 22
72 69 12
72 97 55
73 16 42
73 18 71
73 24 98
73 39 39
73 52 81
73 55 22
73 67 67
73 72 4
73 74 43
73 77 72
74 8 82
74 18 89
74 30 46
74 31 57
74 40 23
74 48 92
74 76 20
74 77 31
75 38 92
75 50 74
75 64 95
75 90 27
76 6 77
76 36 50
76 42 93
76 50 36
76 51 60
76 57 73
76 60 49
76 61 72
76 70 3
77 18 66
77 25 86
77 30 72
77 34 34
77 57 14
77 72 74
78 9 54
78 13 34
78 14 8
78 17 12
78 19 62
78 22 15
78 26 82
78 30 18
78 65 91
78 66 64
78 74 51
78 93 37
78 94 83
78 95 90
79 4 33
79 26 7
79 31 82
79 32 61
79 34 68
79 37 3
79 47 49
79 48 14
79 98 54
80 19 82
80 25 7
80 51 93
80 64 73
80 71 46
80 90 31
81 8 91
81 18 71
81 25 11
81 36 55
81 56 34
81 78 45
81 80 5
81 84 32
81 95 21
82 17 18
82 22 18
82 24 17
82 27 38
82 75 33
82 88 66
82 96 82
82 97 89
82 100 39
83 4 44
83 7 88
83 26 30
83 39 73
83 43 59
83 47 15
83 60 9
83 62 88
83 65 43
83 87 20
83 92 17
83 98 98
84 19 33
84 25 21
84 32 9
84 35 52
84 38 48
84 40 19
84 46 68
84 50 39
84 72 17
84 79 48
84 85 65
85 27 33
85 42 30
85 43 71
85 76 13
86 5 96
86 6 33
86 13 89
86 18 2
86 20 75
86 26 16
86 38 17
86 52 42
86 76 47
86 79 58
86 82 49
86 94 9
86 99 96
87 2 17
87 10 3
87 17 71
87 19 65
87 21 52
87 31 54
87 32 100
87 42 62
87 44 14
87 65 48
87 68 44
87 73 2
88 1 17
88 3 7
88 25 43
88 31 30
88 32 49
88 51 25
88 55 49
88 86 53
88 89 25
88 94 87
89 23 21
89 28 31
89 34 41
89 49 36
89 51 57
89 55 57
89 68 49
89 69 32
89 79 90
89 99 77
90 4 81
90 10 85
90 19 31
90 49 51
90 52 78
90 55 85
90 59 36
90 85 29
90 86 85
90 98 68
91 1 65
91 3 3
91 25 16
91 42 49
91 52 33
91 53 15
91 55 7
91 56 93
91 69 35
92 5 7
92 19 70
92 30 55
92 64 24
92 70 7
93 5 64
93 7 18
93 18 2
93 23 45
93 30 29
93 31 27
93 39 63
93 76 52
93 98 85
94 18 4
94 27 38
94 49 20
94 59 68
94 70 7
95 1 85
95 10 95
95 23 18
95 34 40
95 37 93
95 41 44
95 52 7
95 61 21
95 97 88
96 19 30
96 20 16
96 24 49
96 25 83
96 26 56
96 33 35
96 35 75
96 43 41
96 45 15
96 52 16
96 53 4
96 55 97
96 56 78
96 57 36
96 77 93
96 81 53
96 89 89
97 3 95
97 4 68
97 8 51
97 21 4
97 52 68
97 64 84
97 65 48
97 70 91
97 77 60
98 1 69
98 2 67
98 24 70
98 35 40
98 39 39
98 53 21
98 61 55
98 74 80
98 89 25
98 99 43
99 7 74
99 21 48
99 30 67
99 34 23
99 36 95
99 43 25
99 47 67
99 49 68
99 75 46
99 78 86
99 79 32
99 81 62
99 90 36
99 95 82
100 1 60
100 3 43
100 9 39
100 18 56
100 24 54
100 53 9
100 58 58
100 74 63
100 89 41
