1 2 12
1 3 20
1 4 19
1 5 13
1 6 9
1 7 5
1 8 22
1 9 12
1 10 14
1 11 6
1 12 24
1 13 22
1 14 12
1 15 11
1 16 15
1 17 20
1 18 6
1 19 15
1 20 16
1 21 6
1 22 10
1 23 13
1 24 21
1 25 8
1 26 19
1 27 22
1 28 10
1 29 23
1 30 22
1 31 12
1 32 23
1 33 17
1 34 13
1 35 10
1 36 15
1 37 22
1 38 15
1 39 18
1 40 24
1 41 22
1 42 11
1 43 22
1 44 8
1 45 18
1 46 16
1 47 19
1 48 7
1 49 9
1 50 25
2 1 12
2 3 15
2 4 18
2 5 17
2 6 23
2 7 14
2 8 6
2 9 10
2 10 23
2 11 15
2 12 14
2 13 23
2 14 13
2 15 22
2 16 23
2 17 11
2 18 20
2 19 21
2 20 13
2 21 6
2 22 6
2 23 18
2 24 5
2 25 8
2 26 9
2 27 10
2 28 23
2 29 24
2 30 11
2 31 13
2 32 24
2 33 23
2 34 15
2 35 15
2 36 7
2 37 15
2 38 10
2 39 10
2 40 14
2 41 19
2 42 22
2 43 20
2 44 7
2 45 14
2 46 8
2 47 22
2 48 6
2 49 10
2 50 21
3 1 20
3 2 15
3 4 19
3 5 14
3 6 17
3 7 9
3 8 12
3 9 21
3 10 19
3 11 9
3 12 7
3 13 21
3 14 15
3 15 19
3 16 25
3 17 7
3 18 18
3 19 21
3 20 20
3 21 21
3 22 9
3 23 8
3 24 25
3 25 24
3 26 24
3 27 20
3 28 19
3 29 10
3 30 21
3 31 18
3 32 9
3 33 15
3 34 22
3 35 21
3 36 7
3 37 24
3 38 11
3 39 19
3 40 23
3 41 22
3 42 24
3 43 17
3 44 8
3 45 16
3 46 6
3 47 13
3 48 6
3 49 9
3 50 8
4 1 19
4 2 18
4 3 19
4 5 19
4 6 5
4 7 20
4 8 18
4 9 11
4 10 11
4 11 8
4 12 8
4 13 17
4 14 13
4 15 15
4 16 16
4 17 18
4 18 13
4 19 22
4 20 22
4 21 14
4 22 20
4 23 9
4 24 13
4 25 16
4 26 7
4 27 10
4 28 8
4 29 21
4 30 25
4 31 14
4 32 21
4 33 21
4 34 10
4 35 19
4 36 23
4 37 12
4 38 23
4 39 25
4 40 5
4 41 16
4 42 6
4 43 20
4 44 19
4 45 25
4 46 21
4 47 6
4 48 17
4 49 12
4 50 20
5 1 13
5 2 17
5 3 14
5 4 19
5 6 13
5 7 25
5 8 19
5 9 22
5 10 21
5 11 20
5 12 24
5 13 21
5 14 23
5 15 9
5 16 20
5 17 20
5 18 21
5 19 11
5 20 24
5 21 10
5 22 23
5 23 11
5 24 19
5 25 7
5 26 11
5 27 16
5 28 12
5 29 25
5 30 18
5 31 15
5 32 17
5 33 14
5 34 18
5 35 8
5 36 11
5 37 21
5 38 20
5 39 25
5 40 11
5 41 7
5 42 14
5 43 14
5 44 25
5 45 16
5 46 24
5 47 6
5 48 18
5 49 24
5 50 6
6 1 9
6 2 23
6 3 17
6 4 5
6 5 13
6 7 14
6 8 11
6 9 21
6 10 20
6 11 15
6 12 19
6 13 15
6 14 7
6 15 12
6 16 16
6 17 7
6 18 14
6 19 22
6 20 23
6 21 6
6 22 11
6 23 24
6 24 18
6 25 12
6 26 24
6 27 19
6 28 12
6 29 24
6 30 10
6 31 14
6 32 25
6 33 15
6 34 14
6 35 9
6 36 21
6 37 16
6 38 14
6 39 16
6 40 22
6 41 10
6 42 14
6 43 11
6 44 11
6 45 6
6 46 12
6 47 8
6 48 16
6 49 8
6 50 23
7 1 5
7 2 14
7 3 9
7 4 20
7 5 25
7 6 14
7 8 21
7 9 9
7 10 5
7 11 10
7 12 19
7 13 5
7 14 22
7 15 11
7 16 14
7 17 7
7 18 20
7 19 25
7 20 22
7 21 23
7 22 15
7 23 14
7 24 18
7 25 16
7 26 20
7 27 11
7 28 5
7 29 22
7 30 25
7 31 14
7 32 17
7 33 8
7 34 24
7 35 14
7 36 7
7 37 8
7 38 10
7 39 15
7 40 7
7 41 7
7 42 15
7 43 19
7 44 16
7 45 13
7 46 22
7 47 15
7 48 21
7 49 13
7 50 18
8 1 22
8 2 6
8 3 12
8 4 18
8 5 19
8 6 11
8 7 21
8 9 6
8 10 17
8 11 8
8 12 14
8 13 12
8 14 10
8 15 13
8 16 7
8 17 20
8 18 20
8 19 16
8 20 20
8 21 19
8 22 12
8 23 25
8 24 6
8 25 18
8 26 17
8 27 23
8 28 15
8 29 9
8 30 25
8 31 10
8 32 9
8 33 19
8 34 24
8 35 10
8 36 17
8 37 25
8 38 10
8 39 8
8 40 13
8 41 19
8 42 19
8 43 14
8 44 21
8 45 5
8 46 20
8 47 7
8 48 8
8 49 10
8 50 20
9 1 12
9 2 10
9 3 21
9 4 11
9 5 22
9 6 21
9 7 9
9 8 6
9 10 17
9 11 10
9 12 8
9 13 25
9 14 17
9 15 20
9 16 15
9 17 25
9 18 12
9 19 24
9 20 15
9 21 16
9 22 25
9 23 6
9 24 16
9 25 12
9 26 23
9 27 8
9 28 21
9 29 6
9 30 15
9 31 12
9 32 17
9 33 18
9 34 13
9 35 13
9 36 23
9 37 24
9 38 20
9 39 14
9 40 12
9 41 18
9 42 19
9 43 11
9 44 20
9 45 18
9 46 14
9 47 9
9 48 15
9 49 18
9 50 21
10 1 14
10 2 23
10 3 19
10 4 11
10 5 21
10 6 20
10 7 5
10 8 17
10 9 17
10 11 7
10 12 10
10 13 10
10 14 18
10 15 21
10 16 24
10 17 8
10 18 23
10 19 9
10 20 7
10 21 11
10 22 20
10 23 7
10 24 19
10 25 18
10 26 6
10 27 6
10 28 24
10 29 14
10 30 22
10 31 11
10 32 12
10 33 8
10 34 20
10 35 8
10 36 24
10 37 24
10 38 23
10 39 9
10 40 23
10 41 11
10 42 25
10 43 20
10 44 15
10 45 17
10 46 7
10 47 7
10 48 17
10 49 11
10 50 11
11 1 6
11 2 15
11 3 9
11 4 8
11 5 20
11 6 15
11 7 10
11 8 8
11 9 10
11 10 7
11 12 8
11 13 8
11 14 16
11 15 23
11 16 6
11 17 19
11 18 19
11 19 20
11 20 10
11 21 7
11 22 21
11 23 9
11 24 13
11 25 21
11 26 10
11 27 18
11 28 9
11 29 6
11 30 22
11 31 21
11 32 16
11 33 14
11 34 15
11 35 14
11 36 5
11 37 16
11 38 13
11 39 17
11 40 21
11 41 11
11 42 21
11 43 24
11 44 14
11 45 16
11 46 24
11 47 10
11 48 24
11 49 21
11 50 11
12 1 24
12 2 14
12 3 7
12 4 8
12 5 24
12 6 19
12 7 19
12 8 14
12 9 8
12 10 10
12 11 8
12 13 24
12 14 14
12 15 10
12 16 22
12 17 6
12 18 23
12 19 23
12 20 23
12 21 24
12 22 20
12 23 21
12 24 7
12 25 18
12 26 19
12 27 8
12 28 22
12 29 13
12 30 9
12 31 8
12 32 22
12 33 6
12 34 22
12 35 14
12 36 12
12 37 19
12 38 14
12 39 11
12 40 7
12 41 9
12 42 25
12 43 8
12 44 20
12 45 15
12 46 21
12 47 10
12 48 8
12 49 7
12 50 17
13 1 22
13 2 23
13 3 21
13 4 17
13 5 21
13 6 15
13 7 5
13 8 12
13 9 25
13 10 10
13 11 8
13 12 24
13 14 20
13 15 20
13 16 12
13 17 20
13 18 13
13 19 10
13 20 12
13 21 11
13 22 15
13 23 20
13 24 5
13 25 22
13 26 25
13 27 16
13 28 8
13 29 12
13 30 14
13 31 10
13 32 15
13 33 16
13 34 5
13 35 12
13 36 24
13 37 5
13 38 21
13 39 22
13 40 16
13 41 17
13 42 18
13 43 14
13 44 15
13 45 24
13 46 5
13 47 11
13 48 22
13 49 12
13 50 15
14 1 12
14 2 13
14 3 15
14 4 13
14 5 23
14 6 7
14 7 22
14 8 10
14 9 17
14 10 18
14 11 16
14 12 14
14 13 20
14 15 9
14 16 22
14 17 14
14 18 15
14 19 17
14 20 24
14 21 16
14 22 22
14 23 18
14 24 15
14 25 16
14 26 12
14 27 24
14 28 18
14 29 10
14 30 25
14 31 21
14 32 7
14 33 23
14 34 8
14 35 9
14 36 13
14 37 5
14 38 18
14 39 13
14 40 7
14 41 6
14 42 11
14 43 13
14 44 6
14 45 24
14 46 22
14 47 6
14 48 23
14 49 6
14 50 8
15 1 11
15 2 22
15 3 19
15 4 15
15 5 9
15 6 12
15 7 11
15 8 13
15 9 20
15 10 21
15 11 23
15 12 10
15 13 20
15 14 9
15 16 8
15 17 6
15 18 12
15 19 5
15 20 25
15 21 10
15 22 13
15 23 19
15 24 16
15 25 11
15 26 11
15 27 13
15 28 19
15 29 15
15 30 22
15 31 9
15 32 17
15 33 23
15 34 25
15 35 24
15 36 13
15 37 16
15 38 5
15 39 25
15 40 8
15 41 13
15 42 14
15 43 5
15 44 16
15 45 19
15 46 17
15 47 21
15 48 22
15 49 5
15 50 14
16 1 15
16 2 23
16 3 25
16 4 16
16 5 20
16 6 16
16 7 14
16 8 7
16 9 15
16 10 24
16 11 6
16 12 22
16 13 12
16 14 22
16 15 8
16 17 11
16 18 25
16 19 23
16 20 23
16 21 11
16 22 25
16 23 19
16 24 23
16 25 13
16 26 18
16 27 23
16 28 10
16 29 19
16 30 8
16 31 12
16 32 22
16 33 13
16 34 24
16 35 14
16 36 12
16 37 20
16 38 23
16 39 17
16 40 14
16 41 25
16 42 20
16 43 23
16 44 8
16 45 5
16 46 9
16 47 23
16 48 6
16 49 13
16 50 24
17 1 20
17 2 11
17 3 7
17 4 18
17 5 20
17 6 7
17 7 7
17 8 20
17 9 25
17 10 8
17 11 19
17 12 6
17 13 20
17 14 14
17 15 6
17 16 11
17 18 11
17 19 23
17 20 25
17 21 17
17 22 6
17 23 19
17 24 6
17 25 10
17 26 18
17 27 13
17 28 15
17 29 5
17 30 15
17 31 23
17 32 8
17 33 6
17 34 13
17 35 7
17 36 25
17 37 15
17 38 11
17 39 21
17 40 5
17 41 9
17 42 7
17 43 13
17 44 24
17 45 13
17 46 18
17 47 5
17 48 16
17 49 7
17 50 7
18 1 6
18 2 20
18 3 18
18 4 13
18 5 21
18 6 14
18 7 20
18 8 20
18 9 12
18 10 23
18 11 19
18 12 23
18 13 13
18 14 15
18 15 12
18 16 25
18 17 11
18 19 17
18 20 13
18 21 24
18 22 5
18 23 5
18 24 22
18 25 10
18 26 15
18 27 12
18 28 6
18 29 23
18 30 21
18 31 6
18 32 8
18 33 8
18 34 16
18 35 11
18 36 12
18 37 16
18 38 24
18 39 5
18 40 19
18 41 8
18 42 23
18 43 15
18 44 14
18 45 20
18 46 14
18 47 19
18 48 19
18 49 17
18 50 23
19 1 15
19 2 21
19 3 21
19 4 22
19 5 11
19 6 22
19 7 25
19 8 16
19 9 24
19 10 9
19 11 20
19 12 23
19 13 10
19 14 17
19 15 5
19 16 23
19 17 23
19 18 17
19 20 7
19 21 8
19 22 25
19 23 11
19 24 18
19 25 12
19 26 6
19 27 20
19 28 5
19 29 21
19 30 19
19 31 25
19 32 25
19 33 10
19 34 12
19 35 9
19 36 7
19 37 6
19 38 5
19 39 20
19 40 5
19 41 5
19 42 17
19 43 17
19 44 20
19 45 21
19 46 25
19 47 11
19 48 13
19 49 21
19 50 10
20 1 16
20 2 13
20 3 20
20 4 22
20 5 24
20 6 23
20 7 22
20 8 20
20 9 15
20 10 7
20 11 10
20 12 23
20 13 12
20 14 24
20 15 25
20 16 23
20 17 25
20 18 13
20 19 7
20 21 25
20 22 20
20 23 15
20 24 12
20 25 13
20 26 12
20 27 20
20 28 6
20 29 22
20 30 20
20 31 15
20 32 23
20 33 16
20 34 17
20 35 13
20 36 18
20 37 10
20 38 11
20 39 22
20 40 9
20 41 5
20 42 19
20 43 23
20 44 9
20 45 10
20 46 25
20 47 17
20 48 23
20 49 5
20 50 6
21 1 6
21 2 6
21 3 21
21 4 14
21 5 10
21 6 6
21 7 23
21 8 19
21 9 16
21 10 11
21 11 7
21 12 24
21 13 11
21 14 16
21 15 10
21 16 11
21 17 17
21 18 24
21 19 8
21 20 25
21 22 16
21 23 10
21 24 15
21 25 9
21 26 17
21 27 15
21 28 8
21 29 14
21 30 7
21 31 19
21 32 9
21 33 9
21 34 10
21 35 7
21 36 14
21 37 20
21 38 11
21 39 24
21 40 24
21 41 20
21 42 23
21 43 18
21 44 5
21 45 16
21 46 19
21 47 8
21 48 5
21 49 7
21 50 9
22 1 10
22 2 6
22 3 9
22 4 20
22 5 23
22 6 11
22 7 15
22 8 12
22 9 25
22 10 20
22 11 21
22 12 20
22 13 15
22 14 22
22 15 13
22 16 25
22 17 6
22 18 5
22 19 25
22 20 20
22 21 16
22 23 24
22 24 12
22 25 20
22 26 22
22 27 19
22 28 22
22 29 21
22 30 17
22 31 19
22 32 17
22 33 13
22 34 15
22 35 20
22 36 5
22 37 16
22 38 11
22 39 15
22 40 19
22 41 21
22 42 23
22 43 16
22 44 10
22 45 12
22 46 16
22 47 23
22 48 8
22 49 5
22 50 19
23 1 13
23 2 18
23 3 8
23 4 9
23 5 11
23 6 24
23 7 14
23 8 25
23 9 6
23 10 7
23 11 9
23 12 21
23 13 20
23 14 18
23 15 19
23 16 19
23 17 19
23 18 5
23 19 11
23 20 15
23 21 10
23 22 24
23 24 21
23 25 7
23 26 23
23 27 21
23 28 25
23 29 24
23 30 22
23 31 5
23 32 7
23 33 14
23 34 19
23 35 19
23 36 9
23 37 21
23 38 19
23 39 21
23 40 9
23 41 23
23 42 24
23 43 10
23 44 16
23 45 24
23 46 15
23 47 6
23 48 15
23 49 23
23 50 11
24 1 21
24 2 5
24 3 25
24 4 13
24 5 19
24 6 18
24 7 18
24 8 6
24 9 16
24 10 19
24 11 13
24 12 7
24 13 5
24 14 15
24 15 16
24 16 23
24 17 6
24 18 22
24 19 18
24 20 12
24 21 15
24 22 12
24 23 21
24 25 6
24 26 18
24 27 18
24 28 19
24 29 17
24 30 6
24 31 24
24 32 16
24 33 9
24 34 16
24 35 21
24 36 18
24 37 25
24 38 18
24 39 13
24 40 7
24 41 16
24 42 23
24 43 7
24 44 17
24 45 20
24 46 13
24 47 12
24 48 6
24 49 25
24 50 20
25 1 8
25 2 8
25 3 24
25 4 16
25 5 7
25 6 12
25 7 16
25 8 18
25 9 12
25 10 18
25 11 21
25 12 18
25 13 22
25 14 16
25 15 11
25 16 13
25 17 10
25 18 10
25 19 12
25 20 13
25 21 9
25 22 20
25 23 7
25 24 6
25 26 20
25 27 13
25 28 5
25 29 11
25 30 17
25 31 8
25 32 24
25 33 18
25 34 24
25 35 20
25 36 21
25 37 19
25 38 10
25 39 25
25 40 21
25 41 19
25 42 9
25 43 16
25 44 5
25 45 25
25 46 15
25 47 11
25 48 7
25 49 19
25 50 21
26 1 19
26 2 9
26 3 24
26 4 7
26 5 11
26 6 24
26 7 20
26 8 17
26 9 23
26 10 6
26 11 10
26 12 19
26 13 25
26 14 12
26 15 11
26 16 18
26 17 18
26 18 15
26 19 6
26 20 12
26 21 17
26 22 22
26 23 23
26 24 18
26 25 20
26 27 13
26 28 22
26 29 14
26 30 21
26 31 25
26 32 7
26 33 5
26 34 21
26 35 21
26 36 20
26 37 24
26 38 5
26 39 20
26 40 10
26 41 13
26 42 23
26 43 25
26 44 6
26 45 8
26 46 20
26 47 17
26 48 23
26 49 21
26 50 5
27 1 22
27 2 10
27 3 20
27 4 10
27 5 16
27 6 19
27 7 11
27 8 23
27 9 8
27 10 6
27 11 18
27 12 8
27 13 16
27 14 24
27 15 13
27 16 23
27 17 13
27 18 12
27 19 20
27 20 20
27 21 15
27 22 19
27 23 21
27 24 18
27 25 13
27 26 13
27 28 24
27 29 6
27 30 11
27 31 25
27 32 14
27 33 13
27 34 12
27 35 13
27 36 9
27 37 11
27 38 19
27 39 19
27 40 25
27 41 17
27 42 21
27 43 12
27 44 9
27 45 7
27 46 8
27 47 6
27 48 18
27 49 8
27 50 24
28 1 10
28 2 23
28 3 19
28 4 8
28 5 12
28 6 12
28 7 5
28 8 15
28 9 21
28 10 24
28 11 9
28 12 22
28 13 8
28 14 18
28 15 19
28 16 10
28 17 15
28 18 6
28 19 5
28 20 6
28 21 8
28 22 22
28 23 25
28 24 19
28 25 5
28 26 22
28 27 24
28 29 10
28 30 8
28 31 10
28 32 9
28 33 8
28 34 14
28 35 5
28 36 14
28 37 8
28 38 15
28 39 10
28 40 17
28 41 14
28 42 21
28 43 16
28 44 6
28 45 19
28 46 14
28 47 17
28 48 11
28 49 22
28 50 14
29 1 23
29 2 24
29 3 10
29 4 21
29 5 25
29 6 24
29 7 22
29 8 9
29 9 6
29 10 14
29 11 6
29 12 13
29 13 12
29 14 10
29 15 15
29 16 19
29 17 5
29 18 23
29 19 21
29 20 22
29 21 14
29 22 21
29 23 24
29 24 17
29 25 11
29 26 14
29 27 6
29 28 10
29 30 10
29 31 6
29 32 7
29 33 9
29 34 9
29 35 17
29 36 13
29 37 16
29 38 15
29 39 5
29 40 18
29 41 20
29 42 22
29 43 20
29 44 6
29 45 10
29 46 16
29 47 17
29 48 18
29 49 20
29 50 15
30 1 22
30 2 11
30 3 21
30 4 25
30 5 18
30 6 10
30 7 25
30 8 25
30 9 15
30 10 22
30 11 22
30 12 9
30 13 14
30 14 25
30 15 22
30 16 8
30 17 15
30 18 21
30 19 19
30 20 20
30 21 7
30 22 17
30 23 22
30 24 6
30 25 17
30 26 21
30 27 11
30 28 8
30 29 10
30 31 11
30 32 9
30 33 14
30 34 9
30 35 13
30 36 24
30 37 18
30 38 5
30 39 15
30 40 12
30 41 11
30 42 13
30 43 8
30 44 10
30 45 13
30 46 15
30 47 5
30 48 8
30 49 23
30 50 9
31 1 12
31 2 13
31 3 18
31 4 14
31 5 15
31 6 14
31 7 14
31 8 10
31 9 12
31 10 11
31 11 21
31 12 8
31 13 10
31 14 21
31 15 9
31 16 12
31 17 23
31 18 6
31 19 25
31 20 15
31 21 19
31 22 19
31 23 5
31 24 24
31 25 8
31 26 25
31 27 25
31 28 10
31 29 6
31 30 11
31 32 10
31 33 24
31 34 22
31 35 17
31 36 20
31 37 22
31 38 14
31 39 23
31 40 16
31 41 21
31 42 13
31 43 16
31 44 11
31 45 9
31 46 17
31 47 20
31 48 8
31 49 9
31 50 17
32 1 23
32 2 24
32 3 9
32 4 21
32 5 17
32 6 25
32 7 17
32 8 9
32 9 17
32 10 12
32 11 16
32 12 22
32 13 15
32 14 7
32 15 17
32 16 22
32 17 8
32 18 8
32 19 25
32 20 23
32 21 9
32 22 17
32 23 7
32 24 16
32 25 24
32 26 7
32 27 14
32 28 9
32 29 7
32 30 9
32 31 10
32 33 14
32 34 21
32 35 14
32 36 23
32 37 7
32 38 6
32 39 5
32 40 14
32 41 14
32 42 5
32 43 23
32 44 21
32 45 5
32 46 10
32 47 16
32 48 8
32 49 25
32 50 9
33 1 17
33 2 23
33 3 15
33 4 21
33 5 14
33 6 15
33 7 8
33 8 19
33 9 18
33 10 8
33 11 14
33 12 6
33 13 16
33 14 23
33 15 23
33 16 13
33 17 6
33 18 8
33 19 10
33 20 16
33 21 9
33 22 13
33 23 14
33 24 9
33 25 18
33 26 5
33 27 13
33 28 8
33 29 9
33 30 14
33 31 24
33 32 14
33 34 8
33 35 18
33 36 9
33 37 11
33 38 23
33 39 11
33 40 24
33 41 23
33 42 13
33 43 19
33 44 6
33 45 5
33 46 15
33 47 11
33 48 16
33 49 12
33 50 20
34 1 13
34 2 15
34 3 22
34 4 10
34 5 18
34 6 14
34 7 24
34 8 24
34 9 13
34 10 20
34 11 15
34 12 22
34 13 5
34 14 8
34 15 25
34 16 24
34 17 13
34 18 16
34 19 12
34 20 17
34 21 10
34 22 15
34 23 19
34 24 16
34 25 24
34 26 21
34 27 12
34 28 14
34 29 9
34 30 9
34 31 22
34 32 21
34 33 8
34 35 6
34 36 6
34 37 15
34 38 6
34 39 8
34 40 25
34 41 21
34 42 6
34 43 14
34 44 10
34 45 20
34 46 15
34 47 18
34 48 19
34 49 7
34 50 21
35 1 10
35 2 15
35 3 21
35 4 19
35 5 8
35 6 9
35 7 14
35 8 10
35 9 13
35 10 8
35 11 14
35 12 14
35 13 12
35 14 9
35 15 24
35 16 14
35 17 7
35 18 11
35 19 9
35 20 13
35 21 7
35 22 20
35 23 19
35 24 21
35 25 20
35 26 21
35 27 13
35 28 5
35 29 17
35 30 13
35 31 17
35 32 14
35 33 18
35 34 6
35 36 12
35 37 22
35 38 8
35 39 24
35 40 24
35 41 11
35 42 24
35 43 24
35 44 25
35 45 23
35 46 19
35 47 20
35 48 14
35 49 19
35 50 21
36 1 15
36 2 7
36 3 7
36 4 23
36 5 11
36 6 21
36 7 7
36 8 17
36 9 23
36 10 24
36 11 5
36 12 12
36 13 24
36 14 13
36 15 13
36 16 12
36 17 25
36 18 12
36 19 7
36 20 18
36 21 14
36 22 5
36 23 9
36 24 18
36 25 21
36 26 20
36 27 9
36 28 14
36 29 13
36 30 24
36 31 20
36 32 23
36 33 9
36 34 6
36 35 12
36 37 21
36 38 11
36 39 22
36 40 12
36 41 25
36 42 24
36 43 24
36 44 10
36 45 24
36 46 22
36 47 19
36 48 18
36 49 24
36 50 8
37 1 22
37 2 15
37 3 24
37 4 12
37 5 21
37 6 16
37 7 8
37 8 25
37 9 24
37 10 24
37 11 16
37 12 19
37 13 5
37 14 5
37 15 16
37 16 20
37 17 15
37 18 16
37 19 6
37 20 10
37 21 20
37 22 16
37 23 21
37 24 25
37 25 19
37 26 24
37 27 11
37 28 8
37 29 16
37 30 18
37 31 22
37 32 7
37 33 11
37 34 15
37 35 22
37 36 21
37 38 18
37 39 14
37 40 19
37 41 7
37 42 21
37 43 13
37 44 7
37 45 11
37 46 20
37 47 17
37 48 11
37 49 13
37 50 12
38 1 15
38 2 10
38 3 11
38 4 23
38 5 20
38 6 14
38 7 10
38 8 10
38 9 20
38 10 23
38 11 13
38 12 14
38 13 21
38 14 18
38 15 5
38 16 23
38 17 11
38 18 24
38 19 5
38 20 11
38 21 11
38 22 11
38 23 19
38 24 18
38 25 10
38 26 5
38 27 19
38 28 15
38 29 15
38 30 5
38 31 14
38 32 6
38 33 23
38 34 6
38 35 8
38 36 11
38 37 18
38 39 23
38 40 23
38 41 11
38 42 9
38 43 13
38 44 12
38 45 20
38 46 6
38 47 23
38 48 19
38 49 5
38 50 21
39 1 18
39 2 10
39 3 19
39 4 25
39 5 25
39 6 16
39 7 15
39 8 8
39 9 14
39 10 9
39 11 17
39 12 11
39 13 22
39 14 13
39 15 25
39 16 17
39 17 21
39 18 5
39 19 20
39 20 22
39 21 24
39 22 15
39 23 21
39 24 13
39 25 25
39 26 20
39 27 19
39 28 10
39 29 5
39 30 15
39 31 23
39 32 5
39 33 11
39 34 8
39 35 24
39 36 22
39 37 14
39 38 23
39 40 6
39 41 23
39 42 14
39 43 23
39 44 20
39 45 10
39 46 8
39 47 19
39 48 5
39 49 10
39 50 7
40 1 24
40 2 14
40 3 23
40 4 5
40 5 11
40 6 22
40 7 7
40 8 13
40 9 12
40 10 23
40 11 21
40 12 7
40 13 16
40 14 7
40 15 8
40 16 14
40 17 5
40 18 19
40 19 5
40 20 9
40 21 24
40 22 19
40 23 9
40 24 7
40 25 21
40 26 10
40 27 25
40 28 17
40 29 18
40 30 12
40 31 16
40 32 14
40 33 24
40 34 25
40 35 24
40 36 12
40 37 19
40 38 23
40 39 6
40 41 10
40 42 12
40 43 19
40 44 10
40 45 15
40 46 10
40 47 7
40 48 12
40 49 14
40 50 20
41 1 22
41 2 19
41 3 22
41 4 16
41 5 7
41 6 10
41 7 7
41 8 19
41 9 18
41 10 11
41 11 11
41 12 9
41 13 17
41 14 6
41 15 13
41 16 25
41 17 9
41 18 8
41 19 5
41 20 5
41 21 20
41 22 21
41 23 23
41 24 16
41 25 19
41 26 13
41 27 17
41 28 14
41 29 20
41 30 11
41 31 21
41 32 14
41 33 23
41 34 21
41 35 11
41 36 25
41 37 7
41 38 11
41 39 23
41 40 10
41 42 11
41 43 25
41 44 18
41 45 16
41 46 25
41 47 13
41 48 18
41 49 13
41 50 14
42 1 11
42 2 22
42 3 24
42 4 6
42 5 14
42 6 14
42 7 15
42 8 19
42 9 19
42 10 25
42 11 21
42 12 25
42 13 18
42 14 11
42 15 14
42 16 20
42 17 7
42 18 23
42 19 17
42 20 19
42 21 23
42 22 23
42 23 24
42 24 23
42 25 9
42 26 23
42 27 21
42 28 21
42 29 22
42 30 13
42 31 13
42 32 5
42 33 13
42 34 6
42 35 24
42 36 24
42 37 21
42 38 9
42 39 14
42 40 12
42 41 11
42 43 9
42 44 22
42 45 19
42 46 22
42 47 17
42 48 9
42 49 13
42 50 20
43 1 22
43 2 20
43 3 17
43 4 20
43 5 14
43 6 11
43 7 19
43 8 14
43 9 11
43 10 20
43 11 24
43 12 8
43 13 14
43 14 13
43 15 5
43 16 23
43 17 13
43 18 15
43 19 17
43 20 23
43 21 18
43 22 16
43 23 10
43 24 7
43 25 16
43 26 25
43 27 12
43 28 16
43 29 20
43 30 8
43 31 16
43 32 23
43 33 19
43 34 14
43 35 24
43 36 24
43 37 13
43 38 13
43 39 23
43 40 19
43 41 25
43 42 9
43 44 11
43 45 8
43 46 5
43 47 14
43 48 8
43 49 8
43 50 25
44 1 8
44 2 7
44 3 8
44 4 19
44 5 25
44 6 11
44 7 16
44 8 21
44 9 20
44 10 15
44 11 14
44 12 20
44 13 15
44 14 6
44 15 16
44 16 8
44 17 24
44 18 14
44 19 20
44 20 9
44 21 5
44 22 10
44 23 16
44 24 17
44 25 5
44 26 6
44 27 9
44 28 6
44 29 6
44 30 10
44 31 11
44 32 21
44 33 6
44 34 10
44 35 25
44 36 10
44 37 7
44 38 12
44 39 20
44 40 10
44 41 18
44 42 22
44 43 11
44 45 16
44 46 8
44 47 16
44 48 15
44 49 5
44 50 7
45 1 18
45 2 14
45 3 16
45 4 25
45 5 16
45 6 6
45 7 13
45 8 5
45 9 18
45 10 17
45 11 16
45 12 15
45 13 24
45 14 24
45 15 19
45 16 5
45 17 13
45 18 20
45 19 21
45 20 10
45 21 16
45 22 12
45 23 24
45 24 20
45 25 25
45 26 8
45 27 7
45 28 19
45 29 10
45 30 13
45 31 9
45 32 5
45 33 5
45 34 20
45 35 23
45 36 24
45 37 11
45 38 20
45 39 10
45 40 15
45 41 16
45 42 19
45 43 8
45 44 16
45 46 21
45 47 7
45 48 13
45 49 11
45 50 12
46 1 16
46 2 8
46 3 6
46 4 21
46 5 24
46 6 12
46 7 22
46 8 20
46 9 14
46 10 7
46 11 24
46 12 21
46 13 5
46 14 22
46 15 17
46 16 9
46 17 18
46 18 14
46 19 25
46 20 25
46 21 19
46 22 16
46 23 15
46 24 13
46 25 15
46 26 20
46 27 8
46 28 14
46 29 16
46 30 15
46 31 17
46 32 10
46 33 15
46 34 15
46 35 19
46 36 22
46 37 20
46 38 6
46 39 8
46 40 10
46 41 25
46 42 22
46 43 5
46 44 8
46 45 21
46 47 22
46 48 11
46 49 24
46 50 5
47 1 19
47 2 22
47 3 13
47 4 6
47 5 6
47 6 8
47 7 15
47 8 7
47 9 9
47 10 7
47 11 10
47 12 10
47 13 11
47 14 6
47 15 21
47 16 23
47 17 5
47 18 19
47 19 11
47 20 17
47 21 8
47 22 23
47 23 6
47 24 12
47 25 11
47 26 17
47 27 6
47 28 17
47 29 17
47 30 5
47 31 20
47 32 16
47 33 11
47 34 18
47 35 20
47 36 19
47 37 17
47 38 23
47 39 19
47 40 7
47 41 13
47 42 17
47 43 14
47 44 16
47 45 7
47 46 22
47 48 17
47 49 18
47 50 20
48 1 7
48 2 6
48 3 6
48 4 17
48 5 18
48 6 16
48 7 21
48 8 8
48 9 15
48 10 17
48 11 24
48 12 8
48 13 22
48 14 23
48 15 22
48 16 6
48 17 16
48 18 19
48 19 13
48 20 23
48 21 5
48 22 8
48 23 15
48 24 6
48 25 7
48 26 23
48 27 18
48 28 11
48 29 18
48 30 8
48 31 8
48 32 8
48 33 16
48 34 19
48 35 14
48 36 18
48 37 11
48 38 19
48 39 5
48 40 12
48 41 18
48 42 9
48 43 8
48 44 15
48 45 13
48 46 11
48 47 17
48 49 11
48 50 21
49 1 9
49 2 10
49 3 9
49 4 12
49 5 24
49 6 8
49 7 13
49 8 10
49 9 18
49 10 11
49 11 21
49 12 7
49 13 12
49 14 6
49 15 5
49 16 13
49 17 7
49 18 17
49 19 21
49 20 5
49 21 7
49 22 5
49 23 23
49 24 25
49 25 19
49 26 21
49 27 8
49 28 22
49 29 20
49 30 23
49 31 9
49 32 25
49 33 12
49 34 7
49 35 19
49 36 24
49 37 13
49 38 5
49 39 10
49 40 14
49 41 13
49 42 13
49 43 8
49 44 5
49 45 11
49 46 24
49 47 18
49 48 11
49 50 5
50 1 25
50 2 21
50 3 8
50 4 20
50 5 6
50 6 23
50 7 18
50 8 20
50 9 21
50 10 11
50 11 11
50 12 17
50 13 15
50 14 8
50 15 14
50 16 24
50 17 7
50 18 23
50 19 10
50 20 6
50 21 9
50 22 19
50 23 11
50 24 20
50 25 21
50 26 5
50 27 24
50 28 14
50 29 15
50 30 9
50 31 17
50 32 9
50 33 20
50 34 21
50 35 21
50 36 8
50 37 12
50 38 21
50 39 7
50 40 20
50 41 14
50 42 20
50 43 25
50 44 7
50 45 12
50 46 5
50 47 20
50 48 21
50 49 5
