1 16 12
1 64 23
1 200 12
1 295 7
1 325 19
2 278 12
2 299 16
2 364 5
2 496 19
3 20 18
3 356 7
3 362 12
4 26 7
4 57 13
4 152 25
4 436 12
4 461 18
5 178 20
5 253 24
5 359 5
5 441 23
6 355 19
7 22 12
7 205 19
7 372 16
8 276 5
8 345 10
9 16 7
9 121 16
9 354 15
9 491 7
10 146 13
10 311 11
10 400 23
11 140 20
11 448 11
12 401 25
12 482 11
13 155 25
13 354 22
13 368 7
13 382 10
14 98 24
14 120 12
14 257 25
14 412 20
14 456 13
15 150 22
15 356 16
15 365 25
15 367 19
15 395 11
15 473 6
16 1 12
16 9 7
16 61 10
16 263 7
16 290 11
17 271 25
17 381 19
18 315 12
18 447 15
18 474 7
19 43 20
20 3 18
20 84 6
20 218 13
20 323 10
20 423 8
21 39 18
21 75 7
21 82 8
21 91 10
21 310 11
21 404 16
21 452 5
22 7 12
22 84 7
22 88 17
22 171 7
22 235 9
23 241 14
23 243 6
23 468 14
23 479 8
24 192 18
24 223 11
24 395 10
24 411 23
24 412 17
25 83 10
26 4 7
26 232 7
26 493 6
27 134 8
27 242 7
28 47 10
28 269 15
28 309 11
28 353 22
28 419 23
29 39 5
29 404 7
29 449 23
30 45 13
30 86 11
30 179 16
30 265 15
30 302 19
30 337 10
30 407 13
30 476 13
31 94 12
31 229 19
31 373 20
32 39 6
32 313 15
33 245 7
33 280 11
33 363 20
33 401 8
33 471 13
33 498 20
34 248 8
34 466 12
35 72 18
35 218 7
35 285 20
35 375 23
36 69 23
36 141 13
36 293 20
36 365 15
37 71 13
37 152 7
38 74 21
38 104 23
38 261 5
38 423 15
39 21 18
39 29 5
39 32 6
39 85 12
39 254 20
39 401 24
39 465 8
40 329 21
41 55 15
41 165 13
41 264 10
41 278 16
41 286 17
41 295 24
41 367 17
41 396 15
41 467 15
42 208 14
42 254 24
42 332 20
42 339 25
42 367 14
42 373 8
43 19 20
43 118 9
43 238 23
43 269 22
43 347 7
43 409 24
44 48 5
44 63 19
44 298 15
44 321 15
45 30 13
45 68 18
45 150 25
45 183 10
45 265 13
45 272 11
46 73 11
46 78 14
46 114 16
46 132 5
46 444 6
47 28 10
47 50 12
47 189 22
47 460 7
48 44 5
48 121 17
48 148 8
48 149 9
48 197 14
48 495 23
49 123 18
49 183 13
49 274 9
49 393 25
49 446 16
50 47 12
50 205 25
50 416 5
51 79 22
51 143 8
51 168 21
51 229 20
52 112 14
52 188 15
52 378 6
52 468 6
53 283 8
53 358 10
53 441 8
54 121 20
54 135 14
54 235 21
54 288 17
54 493 11
55 41 15
55 66 16
55 192 24
55 216 18
55 339 16
55 394 10
56 221 20
56 226 20
56 439 15
57 4 13
57 161 17
57 208 22
57 217 16
57 275 25
57 283 19
57 312 21
58 299 23
58 401 21
58 467 25
59 70 9
59 123 7
59 314 5
59 412 13
60 164 19
60 265 24
60 454 12
61 16 10
61 105 17
61 332 20
61 369 6
61 370 16
61 375 21
62 121 12
62 124 21
62 226 15
62 310 15
62 451 10
63 44 19
63 76 25
63 77 5
63 135 7
63 187 5
63 374 18
63 379 12
64 1 23
64 81 8
64 202 10
64 343 21
64 373 12
64 479 10
64 486 12
65 474 7
66 55 16
66 119 12
66 120 18
66 141 10
66 184 17
67 79 20
67 89 21
67 139 11
67 252 17
67 325 20
68 45 18
68 87 17
68 288 23
68 401 10
68 435 17
69 36 23
69 177 23
69 332 22
70 59 9
70 77 7
70 164 15
70 355 17
71 37 13
71 76 22
71 194 25
71 319 19
71 449 17
71 451 17
72 35 18
72 172 13
73 46 11
73 124 13
73 180 5
73 375 12
73 408 22
73 445 12
73 475 5
73 483 23
74 38 21
74 95 25
74 428 14
74 458 14
74 481 25
75 21 7
75 96 18
75 174 20
75 189 18
75 296 15
75 490 8
76 63 25
76 71 22
76 79 22
76 207 7
76 493 16
77 63 5
77 70 7
77 156 24
77 159 13
77 419 17
78 46 14
78 150 25
78 169 20
78 210 22
78 419 24
78 489 13
79 51 22
79 67 20
79 76 22
79 160 18
79 354 15
80 94 21
80 329 7
80 342 13
80 388 22
81 64 8
81 249 7
81 433 12
81 434 9
82 21 8
82 218 23
82 471 5
83 25 10
83 130 11
83 338 10
84 20 6
84 22 7
84 226 25
84 300 22
85 39 12
85 98 14
85 247 24
85 304 18
85 318 11
85 376 18
85 398 9
86 30 11
86 127 14
86 164 10
87 68 17
87 100 14
87 117 12
87 295 15
87 406 24
87 454 11
88 22 17
88 385 19
88 415 12
89 67 21
89 245 10
89 270 6
89 305 11
89 314 12
89 315 17
89 353 10
90 189 15
90 214 5
90 267 10
90 415 5
91 21 10
91 164 17
91 220 20
91 467 19
92 288 19
93 409 15
94 31 12
94 80 21
94 341 5
94 348 19
95 74 25
95 319 5
95 453 20
95 475 22
96 75 18
96 100 11
96 194 8
96 220 17
96 317 9
96 320 25
96 321 23
97 143 18
97 348 10
97 381 16
97 387 5
97 400 15
97 442 9
97 478 16
97 494 22
98 14 24
98 85 14
98 104 19
98 107 20
98 116 13
98 150 24
98 337 18
98 399 16
98 427 12
99 132 15
99 147 20
99 197 10
99 268 9
99 415 16
100 87 14
100 96 11
100 150 10
100 232 23
100 272 13
100 484 8
101 426 11
102 200 16
102 405 15
103 113 19
103 170 24
103 220 24
103 436 12
104 38 23
104 98 19
104 132 5
104 167 5
104 294 18
104 451 15
104 479 19
105 61 17
105 265 24
106 123 19
106 206 24
106 311 8
106 349 14
106 377 14
107 98 20
107 113 9
107 121 9
107 185 18
107 258 24
108 153 20
108 226 18
108 257 5
109 123 15
109 464 20
109 481 5
110 197 14
110 276 15
110 293 6
110 333 5
110 357 10
110 393 23
110 410 9
111 175 17
111 223 14
111 427 16
111 466 9
111 479 10
111 498 14
112 52 14
112 278 24
112 279 13
113 103 19
113 107 9
113 209 17
113 448 12
114 46 16
114 369 12
115 146 15
115 321 17
116 98 13
116 146 24
116 364 19
117 87 12
117 169 9
117 334 7
117 381 8
117 475 9
118 43 9
118 392 21
118 412 7
118 447 18
119 66 12
119 179 17
119 270 23
119 321 10
119 437 24
119 442 16
120 14 12
120 66 18
120 162 19
120 260 13
120 272 19
120 341 20
121 9 16
121 48 17
121 54 20
121 62 12
121 107 9
121 202 10
121 241 18
121 352 18
122 388 7
122 398 15
123 49 18
123 59 7
123 106 19
123 109 15
123 149 24
123 301 24
123 446 9
124 62 21
124 73 13
124 307 17
124 362 14
124 449 19
124 461 16
124 480 18
124 484 20
125 204 14
125 225 8
125 227 7
125 295 10
125 376 9
125 454 21
126 202 9
126 218 20
127 86 14
127 333 5
127 341 23
127 463 9
127 466 21
128 454 6
128 485 22
128 488 9
128 489 20
129 223 9
129 232 12
130 83 11
130 273 17
130 326 16
130 416 12
130 440 7
130 476 6
131 256 16
132 46 5
132 99 15
132 104 5
132 464 8
132 498 8
133 153 11
134 27 8
134 179 12
134 190 14
134 209 10
134 325 24
134 486 14
135 54 14
135 63 7
135 314 14
135 365 24
135 426 13
136 182 10
136 396 14
137 499 9
138 237 17
138 267 7
139 67 11
139 196 23
139 398 9
139 438 12
140 11 20
140 427 14
141 36 13
141 66 10
141 435 11
142 173 5
142 274 18
142 373 8
142 435 17
143 51 8
143 97 18
143 404 15
143 406 11
144 208 12
144 243 17
144 292 13
144 431 12
144 493 12
145 278 23
145 479 7
146 10 13
146 115 15
146 116 24
146 173 5
146 218 23
146 403 7
147 99 20
147 190 13
147 349 6
148 48 8
148 195 12
148 326 18
148 341 14
149 48 9
149 123 24
149 187 19
149 413 20
149 441 8
149 450 21
149 460 10
150 15 22
150 45 25
150 78 25
150 98 24
150 100 10
150 346 10
150 384 8
151 192 19
151 241 25
151 481 21
152 4 25
152 37 7
152 205 11
152 318 14
152 413 19
153 108 20
153 133 11
153 247 19
153 298 17
153 326 23
153 497 19
153 499 7
154 190 19
154 453 6
155 13 25
155 219 24
155 264 22
155 404 7
156 77 24
156 158 7
156 375 5
156 459 13
156 478 17
156 498 16
157 158 10
157 198 22
157 295 18
157 369 23
157 380 7
158 156 7
158 157 10
158 215 10
158 261 22
158 398 7
159 77 13
159 309 23
160 79 18
160 305 5
160 350 7
161 57 17
161 408 17
162 120 19
163 176 13
163 362 21
163 415 19
163 441 8
164 60 19
164 70 15
164 86 10
164 91 17
164 291 17
164 325 23
164 457 11
165 41 13
165 194 19
166 300 14
166 316 5
167 104 5
168 51 21
168 300 24
168 314 8
169 78 20
169 117 9
169 204 13
169 269 17
169 299 19
169 389 21
169 400 17
169 469 22
170 103 24
170 207 21
170 274 22
170 331 10
171 22 7
171 296 17
171 479 8
172 72 13
172 311 6
172 393 12
172 411 16
173 142 5
173 146 5
173 353 23
173 382 8
174 75 20
174 325 6
174 389 8
175 111 17
175 308 11
175 324 6
175 456 23
176 163 13
176 226 16
176 259 19
176 324 10
177 69 23
177 284 5
177 458 24
177 475 11
177 492 12
178 5 20
178 376 14
178 426 19
179 30 16
179 119 17
179 134 12
179 237 11
179 421 17
180 73 5
180 230 17
180 333 16
180 365 19
180 366 13
181 289 20
181 404 11
181 411 21
181 415 20
182 136 10
182 419 18
183 45 10
183 49 13
183 217 17
183 373 15
183 398 18
183 404 24
183 412 18
183 439 10
183 444 12
184 66 17
185 107 18
185 385 24
186 190 18
186 218 25
186 311 17
187 63 5
187 149 19
187 389 13
188 52 15
188 285 5
188 349 15
188 377 7
188 470 25
189 47 22
189 75 18
189 90 15
189 219 5
189 260 11
189 456 19
190 134 14
190 147 13
190 154 19
190 186 18
190 299 6
191 230 25
191 337 11
191 379 13
192 24 18
192 55 24
192 151 19
192 351 11
192 409 14
192 431 6
192 452 9
193 201 16
193 224 19
193 304 19
193 446 15
193 494 13
194 71 25
194 96 8
194 165 19
194 464 15
195 148 12
195 203 18
195 497 22
196 139 23
196 299 25
196 367 11
197 48 14
197 99 10
197 110 14
197 356 7
198 157 22
198 489 21
199 277 21
200 1 12
200 102 16
200 312 14
200 375 15
201 193 16
201 317 16
201 350 7
201 358 20
202 64 10
202 121 10
202 126 9
202 252 8
202 298 17
202 399 9
203 195 18
203 240 14
204 125 14
204 169 13
204 231 5
204 319 9
204 469 16
205 7 19
205 50 25
205 152 11
206 106 24
206 368 22
207 76 7
207 170 21
207 299 16
208 42 14
208 57 22
208 144 12
208 330 22
208 407 19
208 412 12
209 113 17
209 134 10
209 383 21
209 403 23
210 78 22
210 213 5
210 346 7
210 425 11
211 272 22
211 376 15
211 426 10
211 484 16
212 392 15
213 210 5
213 242 6
213 254 13
213 478 7
214 90 5
214 227 16
214 359 16
214 374 12
214 390 23
214 469 20
215 158 10
215 439 5
216 55 18
216 294 20
217 57 16
217 183 17
217 352 21
217 472 11
218 20 13
218 35 7
218 82 23
218 126 20
218 146 23
218 186 25
218 281 25
218 300 20
218 328 6
218 426 14
218 459 14
219 155 24
219 189 5
219 301 18
220 91 20
220 96 17
220 103 24
220 342 10
221 56 20
221 241 17
221 253 17
221 474 15
222 251 18
223 24 11
223 111 14
223 129 9
223 297 7
224 193 19
224 285 16
224 289 7
224 438 10
224 475 13
225 125 8
225 328 11
225 365 16
225 477 19
225 492 8
226 56 20
226 62 15
226 84 25
226 108 18
226 176 16
226 387 14
226 488 11
227 125 7
227 214 16
227 332 21
228 417 23
229 31 19
229 51 20
230 180 17
230 191 25
230 282 18
231 204 5
231 317 7
231 407 20
231 466 21
232 26 7
232 100 23
232 129 12
232 260 24
232 312 5
232 377 18
233 287 20
233 371 16
234 278 21
234 282 16
234 371 25
235 22 9
235 54 21
235 270 10
235 289 7
235 314 19
236 324 19
237 138 17
237 179 11
237 467 8
237 485 11
238 43 23
238 309 22
238 377 20
238 452 25
239 247 24
239 370 25
240 203 14
240 265 17
240 485 19
241 23 14
241 121 18
241 151 25
241 221 17
241 332 13
241 460 10
242 27 7
242 213 6
242 386 11
243 23 6
243 144 17
243 259 19
243 406 20
244 286 23
245 33 7
245 89 10
246 322 21
246 455 19
247 85 24
247 153 19
247 239 24
248 34 8
248 359 14
248 377 21
249 81 7
250 386 21
250 435 13
250 441 14
251 222 18
251 463 22
251 482 9
252 67 17
252 202 8
252 285 11
252 346 16
253 5 24
253 221 17
253 280 11
254 39 20
254 42 24
254 213 13
254 344 23
254 385 10
254 412 20
255 392 21
256 131 16
256 399 14
257 14 25
257 108 5
257 262 19
257 376 13
258 107 24
259 176 19
259 243 19
259 484 16
259 496 17
260 120 13
260 189 11
260 232 24
260 377 9
260 492 9
261 38 5
261 158 22
262 257 19
262 344 18
263 16 7
263 344 8
263 450 9
264 41 10
264 155 22
264 407 10
264 480 21
265 30 15
265 45 13
265 60 24
265 105 24
265 240 17
265 404 24
265 429 23
266 273 22
266 413 8
266 472 19
267 90 10
267 138 7
268 99 9
268 340 7
268 409 7
269 28 15
269 43 22
269 169 17
269 427 23
270 89 6
270 119 23
270 235 10
270 347 11
270 431 12
271 17 25
272 45 11
272 100 13
272 120 19
272 211 22
272 365 16
273 130 17
273 266 22
273 351 23
273 382 6
273 400 20
274 49 9
274 142 18
274 170 22
274 373 21
275 57 25
275 453 17
275 470 5
276 8 5
276 110 15
276 340 10
276 364 21
276 405 5
276 499 16
277 199 21
277 425 18
278 2 12
278 41 16
278 112 24
278 145 23
278 234 21
278 287 16
278 309 7
278 499 22
279 112 13
279 314 24
279 357 13
279 407 8
279 420 5
279 459 16
280 33 11
280 253 11
280 350 10
280 481 21
281 218 25
281 375 18
282 230 18
282 234 16
282 319 15
282 325 19
282 387 13
282 458 7
282 468 11
283 53 8
283 57 19
283 367 5
283 392 25
284 177 5
284 432 7
284 442 12
285 35 20
285 188 5
285 224 16
285 252 11
285 333 12
285 352 19
285 381 14
285 418 20
286 41 17
286 244 23
286 313 8
286 358 5
287 233 20
287 278 16
288 54 17
288 68 23
288 92 19
288 409 9
289 181 20
289 224 7
289 235 7
289 310 23
290 16 11
291 164 17
291 306 16
291 335 9
292 144 13
292 394 14
293 36 20
293 110 6
293 500 24
294 104 18
294 216 20
294 479 21
295 1 7
295 41 24
295 87 15
295 125 10
295 157 18
296 75 15
296 171 17
296 478 23
297 223 7
297 316 12
298 44 15
298 153 17
298 202 17
299 2 16
299 58 23
299 169 19
299 190 6
299 196 25
299 207 16
299 467 20
300 84 22
300 166 14
300 168 24
300 218 20
300 391 19
301 123 24
301 219 18
301 344 6
302 30 19
302 415 8
303 350 20
303 455 15
304 85 18
304 193 19
304 326 21
304 393 20
305 89 11
305 160 5
305 343 24
305 402 8
305 409 16
305 427 10
305 476 9
306 291 16
306 363 15
307 124 17
307 378 14
307 385 17
307 488 9
308 175 11
308 334 15
308 444 13
308 473 8
309 28 11
309 159 23
309 238 22
309 278 7
309 318 5
309 356 20
309 397 8
310 21 11
310 62 15
310 289 23
310 321 20
310 465 11
311 10 11
311 106 8
311 172 6
311 186 17
311 406 17
311 445 10
312 57 21
312 200 14
312 232 5
313 32 15
313 286 8
313 332 6
313 450 14
314 59 5
314 89 12
314 135 14
314 168 8
314 235 19
314 279 24
314 335 19
314 384 17
314 475 9
315 18 12
315 89 17
315 316 6
315 367 24
316 166 5
316 297 12
316 315 6
316 337 23
316 385 6
316 406 10
316 474 7
317 96 9
317 201 16
317 231 7
317 400 24
317 424 13
318 85 11
318 152 14
318 309 5
318 332 5
318 399 13
318 467 25
319 71 19
319 95 5
319 204 9
319 282 15
319 406 7
319 441 14
320 96 25
320 325 11
320 469 21
320 478 25
321 44 15
321 96 23
321 115 17
321 119 10
321 310 20
321 416 15
322 246 21
322 386 18
323 20 10
323 484 17
324 175 6
324 176 10
324 236 19
325 1 19
325 67 20
325 134 24
325 164 23
325 174 6
325 282 19
325 320 11
325 491 8
326 130 16
326 148 18
326 153 23
326 304 21
327 432 17
327 449 23
327 497 5
328 218 6
328 225 11
328 455 6
329 40 21
329 80 7
330 208 22
330 371 19
331 170 10
331 378 10
331 403 17
331 500 5
332 42 20
332 61 20
332 69 22
332 227 21
332 241 13
332 313 6
332 318 5
332 335 7
333 110 5
333 127 5
333 180 16
333 285 12
333 410 16
334 117 7
334 308 15
335 291 9
335 314 19
335 332 7
335 435 20
335 458 22
336 338 15
336 345 13
337 30 10
337 98 18
337 191 11
337 316 23
337 349 13
337 350 24
337 405 14
337 493 5
338 83 10
338 336 15
338 419 20
339 42 25
339 55 16
340 268 7
340 276 10
340 385 25
341 94 5
341 120 20
341 127 23
341 148 14
341 347 16
342 80 13
342 220 10
343 64 21
343 305 24
344 254 23
344 262 18
344 263 8
344 301 6
345 8 10
345 336 13
346 150 10
346 210 7
346 252 16
346 384 20
346 474 8
346 479 18
347 43 7
347 270 11
347 341 16
347 394 24
348 94 19
348 97 10
348 447 19
348 469 5
349 106 14
349 147 6
349 188 15
349 337 13
349 402 19
350 160 7
350 201 7
350 280 10
350 303 20
350 337 24
351 192 11
351 273 23
351 441 9
351 497 7
352 121 18
352 217 21
352 285 19
352 412 21
353 28 22
353 89 10
353 173 23
354 9 15
354 13 22
354 79 15
354 404 8
355 6 19
355 70 17
355 357 14
355 389 9
355 447 24
356 3 7
356 15 16
356 197 7
356 309 20
356 397 15
357 110 10
357 279 13
357 355 14
358 53 10
358 201 20
358 286 5
358 361 8
358 390 17
358 414 6
358 474 24
359 5 5
359 214 16
359 248 14
359 377 21
360 456 13
361 358 8
361 475 14
361 484 20
362 3 12
362 124 14
362 163 21
362 460 10
363 33 20
363 306 15
363 393 23
364 2 5
364 116 19
364 276 21
364 429 13
365 15 25
365 36 15
365 135 24
365 180 19
365 225 16
365 272 16
366 180 13
367 15 19
367 41 17
367 42 14
367 196 11
367 283 5
367 315 24
367 452 14
368 13 7
368 206 22
368 459 17
369 61 6
369 114 12
369 157 23
369 393 18
370 61 16
370 239 25
370 408 9
371 233 16
371 234 25
371 330 19
372 7 16
373 31 20
373 42 8
373 64 12
373 142 8
373 183 15
373 274 21
374 63 18
374 214 12
374 488 25
375 35 23
375 61 21
375 73 12
375 156 5
375 200 15
375 281 18
376 85 18
376 125 9
376 178 14
376 211 15
376 257 13
377 106 14
377 188 7
377 232 18
377 238 20
377 248 21
377 260 9
377 359 21
378 52 6
378 307 14
378 331 10
378 390 16
378 423 24
379 63 12
379 191 13
379 397 12
380 157 7
380 441 14
381 17 19
381 97 16
381 117 8
381 285 14
382 13 10
382 173 8
382 273 6
382 472 21
383 209 21
383 389 5
383 434 19
384 150 8
384 314 17
384 346 20
385 88 19
385 185 24
385 254 10
385 307 17
385 316 6
385 340 25
385 412 6
386 242 11
386 250 21
386 322 18
386 401 14
386 405 9
386 429 24
386 444 19
387 97 5
387 226 14
387 282 13
387 454 10
388 80 22
388 122 7
388 486 9
389 169 21
389 174 8
389 187 13
389 355 9
389 383 5
389 417 21
390 214 23
390 358 17
390 378 16
390 492 25
391 300 19
392 118 21
392 212 15
392 255 21
392 283 25
392 472 14
393 49 25
393 110 23
393 172 12
393 304 20
393 363 23
393 369 18
393 444 17
393 467 14
394 55 10
394 292 14
394 347 24
394 466 12
394 498 6
395 15 11
395 24 10
395 409 6
395 423 21
396 41 15
396 136 14
396 466 7
397 309 8
397 356 15
397 379 12
398 85 9
398 122 15
398 139 9
398 158 7
398 183 18
398 399 20
399 98 16
399 202 9
399 256 14
399 318 13
399 398 20
399 443 11
400 10 23
400 97 15
400 169 17
400 273 20
400 317 24
401 12 25
401 33 8
401 39 24
401 58 21
401 68 10
401 386 14
401 429 20
402 305 8
402 349 19
403 146 7
403 209 23
403 331 17
404 21 16
404 29 7
404 143 15
404 155 7
404 181 11
404 183 24
404 265 24
404 354 8
405 102 15
405 276 5
405 337 14
405 386 9
405 433 24
406 87 24
406 143 11
406 243 20
406 311 17
406 316 10
406 319 7
407 30 13
407 208 19
407 231 20
407 264 10
407 279 8
408 73 22
408 161 17
408 370 9
408 430 10
408 433 7
409 43 24
409 93 15
409 192 14
409 268 7
409 288 9
409 305 16
409 395 6
410 110 9
410 333 16
410 415 10
411 24 23
411 172 16
411 181 21
412 14 20
412 24 17
412 59 13
412 118 7
412 183 18
412 208 12
412 254 20
412 352 21
412 385 6
412 471 7
413 149 20
413 152 19
413 266 8
413 470 6
414 358 6
415 88 12
415 90 5
415 99 16
415 163 19
415 181 20
415 302 8
415 410 10
415 458 8
416 50 5
416 130 12
416 321 15
416 450 5
417 228 23
417 389 21
418 285 20
418 430 6
418 457 21
418 473 12
419 28 23
419 77 17
419 78 24
419 182 18
419 338 20
420 279 5
421 179 17
421 480 16
422 472 17
423 20 8
423 38 15
423 378 24
423 395 21
423 435 12
423 462 10
424 317 13
424 472 23
425 210 11
425 277 18
425 444 18
425 471 16
426 101 11
426 135 13
426 178 19
426 211 10
426 218 14
427 98 12
427 111 16
427 140 14
427 269 23
427 305 10
427 470 25
428 74 14
428 476 21
429 265 23
429 364 13
429 386 24
429 401 20
430 408 10
430 418 6
430 460 23
430 486 14
431 144 12
431 192 6
431 270 12
431 450 13
431 460 20
432 284 7
432 327 17
433 81 12
433 405 24
433 408 7
434 81 9
434 383 19
435 68 17
435 141 11
435 142 17
435 250 13
435 335 20
435 423 12
436 4 12
436 103 12
437 119 24
438 139 12
438 224 10
439 56 15
439 183 10
439 215 5
439 445 24
440 130 7
441 5 23
441 53 8
441 149 8
441 163 8
441 250 14
441 319 14
441 351 9
441 380 14
442 97 9
442 119 16
442 284 12
443 399 11
443 465 14
444 46 6
444 183 12
444 308 13
444 386 19
444 393 17
444 425 18
445 73 12
445 311 10
445 439 24
446 49 16
446 123 9
446 193 15
447 18 15
447 118 18
447 348 19
447 355 24
448 11 11
448 113 12
448 487 18
449 29 23
449 71 17
449 124 19
449 327 23
450 149 21
450 263 9
450 313 14
450 416 5
450 431 13
451 62 10
451 71 17
451 104 15
452 21 5
452 192 9
452 238 25
452 367 14
453 95 20
453 154 6
453 275 17
454 60 12
454 87 11
454 125 21
454 128 6
454 387 10
454 476 5
455 246 19
455 303 15
455 328 6
456 14 13
456 175 23
456 189 19
456 360 13
457 164 11
457 418 21
458 74 14
458 177 24
458 282 7
458 335 22
458 415 8
459 156 13
459 218 14
459 279 16
459 368 17
460 47 7
460 149 10
460 241 10
460 362 10
460 430 23
460 431 20
460 489 5
461 4 18
461 124 16
461 468 11
462 423 10
462 483 20
463 127 9
463 251 22
464 109 20
464 132 8
464 194 15
464 469 15
464 484 18
465 39 8
465 310 11
465 443 14
466 34 12
466 111 9
466 127 21
466 231 21
466 394 12
466 396 7
467 41 15
467 58 25
467 91 19
467 237 8
467 299 20
467 318 25
467 393 14
468 23 14
468 52 6
468 282 11
468 461 11
469 169 22
469 204 16
469 214 20
469 320 21
469 348 5
469 464 15
470 188 25
470 275 5
470 413 6
470 427 25
470 494 24
470 500 18
471 33 13
471 82 5
471 412 7
471 425 16
471 480 21
472 217 11
472 266 19
472 382 21
472 392 14
472 422 17
472 424 23
473 15 6
473 308 8
473 418 12
474 18 7
474 65 7
474 221 15
474 316 7
474 346 8
474 358 24
475 73 5
475 95 22
475 117 9
475 177 11
475 224 13
475 314 9
475 361 14
476 30 13
476 130 6
476 305 9
476 428 21
476 454 5
477 225 19
478 97 16
478 156 17
478 213 7
478 296 23
478 320 25
479 23 8
479 64 10
479 104 19
479 111 10
479 145 7
479 171 8
479 294 21
479 346 18
480 124 18
480 264 21
480 421 16
480 471 21
481 74 25
481 109 5
481 151 21
481 280 21
482 12 11
482 251 9
482 494 15
483 73 23
483 462 20
484 100 8
484 124 20
484 211 16
484 259 16
484 323 17
484 361 20
484 464 18
485 128 22
485 237 11
485 240 19
486 64 12
486 134 14
486 388 9
486 430 14
487 448 18
488 128 9
488 226 11
488 307 9
488 374 25
489 78 13
489 128 20
489 198 21
489 460 5
490 75 8
491 9 7
491 325 8
492 177 12
492 225 8
492 260 9
492 390 25
493 26 6
493 54 11
493 76 16
493 144 12
493 337 5
494 97 22
494 193 13
494 470 24
494 482 15
495 48 23
496 2 19
496 259 17
497 153 19
497 195 22
497 327 5
497 351 7
497 499 11
498 33 20
498 111 14
498 132 8
498 156 16
498 394 6
499 137 9
499 153 7
499 276 16
499 278 22
499 497 11
500 293 24
500 331 5
500 470 18
