1 29 3
2 68 8
2 74 25
2 87 11
3 9 12
3 38 18
3 84 24
3 96 8
4 17 20
4 43 5
4 45 13
4 46 7
4 47 5
4 53 25
4 58 11
4 70 7
4 81 19
5 67 17
5 88 14
5 92 14
5 97 9
6 12 11
6 15 6
6 19 15
6 53 21
6 70 7
6 75 10
6 95 7
7 47 15
7 75 9
7 88 5
8 33 14
8 80 16
8 95 13
8 97 10
9 3 12
9 87 16
9 90 18
10 20 10
10 74 22
10 89 14
11 13 18
11 48 13
11 65 13
11 99 9
12 6 11
12 15 16
12 25 14
12 66 11
12 74 5
12 88 10
12 91 23
12 98 25
13 11 18
13 38 19
13 42 19
13 63 11
13 73 23
14 16 25
14 19 24
14 30 21
14 31 7
14 34 10
14 40 5
14 89 16
15 6 6
15 12 16
15 26 25
15 47 9
16 14 25
16 35 14
16 60 17
16 77 13
17 4 20
17 57 6
17 60 23
17 66 17
17 68 17
17 97 8
18 35 21
19 6 15
19 14 24
19 22 12
19 30 23
19 46 14
20 10 10
20 50 17
20 56 10
20 65 9
20 78 7
20 79 18
20 97 17
21 22 5
21 38 19
21 58 11
21 68 7
21 70 20
21 73 10
22 19 12
22 21 5
22 24 15
23 25 5
23 80 17
23 84 18
24 22 15
24 99 12
25 12 14
25 23 5
25 68 6
25 81 22
26 15 25
26 54 16
26 60 7
26 70 24
26 86 20
26 93 7
27 93 21
28 35 21
29 1 3
29 72 7
30 14 21
30 19 23
31 14 7
31 58 11
32 47 12
32 58 15
32 84 10
32 98 22
33 8 14
33 42 22
33 80 24
33 96 20
34 14 10
34 76 5
34 88 7
35 16 14
35 18 21
35 28 21
35 40 6
35 71 25
35 78 10
36 43 25
36 56 7
37 41 21
38 3 18
38 13 19
38 21 19
38 63 6
38 92 9
38 99 21
39 41 11
39 58 14
39 64 12
40 14 5
40 35 6
40 62 8
40 73 25
40 74 6
41 37 21
41 39 11
41 55 10
41 58 15
41 90 18
41 91 20
42 13 19
42 33 22
42 61 18
42 65 9
42 83 16
43 4 5
43 36 25
43 89 12
43 94 20
44 63 17
44 99 8
45 4 13
45 67 14
45 100 6
46 4 7
46 19 14
46 63 7
46 74 6
47 4 5
47 7 15
47 15 9
47 32 12
47 51 14
47 77 25
47 79 14
48 11 13
48 49 9
48 93 5
49 48 9
50 20 17
51 47 14
51 62 20
52 78 9
53 4 25
53 6 21
53 81 5
53 98 21
54 26 16
54 76 20
55 41 10
55 65 21
55 70 16
56 20 10
56 36 7
57 17 6
57 63 10
57 75 13
58 4 11
58 21 11
58 31 11
58 32 15
58 39 14
58 41 15
58 93 20
59 84 17
60 16 17
60 17 23
60 26 7
60 77 10
61 42 18
61 73 17
61 83 25
62 40 8
62 51 20
62 65 8
62 68 23
62 94 20
62 99 9
63 13 11
63 38 6
63 44 17
63 46 7
63 57 10
63 77 8
63 94 21
63 98 19
64 39 12
64 69 18
64 92 15
65 11 13
65 20 9
65 42 9
65 55 21
65 62 8
65 84 19
65 97 6
65 100 12
66 12 11
66 17 17
66 73 12
66 93 17
67 5 17
67 45 14
67 82 16
68 2 8
68 17 17
68 21 7
68 25 6
68 62 23
68 70 16
69 64 18
69 74 22
69 91 24
70 4 7
70 6 7
70 21 20
70 26 24
70 55 16
70 68 16
70 96 14
71 35 25
72 29 7
72 89 15
73 13 23
73 21 10
73 40 25
73 61 17
73 66 12
74 2 25
74 10 22
74 12 5
74 40 6
74 46 6
74 69 22
75 6 10
75 7 9
75 57 13
76 34 5
76 54 20
77 16 13
77 47 25
77 60 10
77 63 8
77 91 13
77 92 10
77 93 17
77 96 8
77 99 21
78 20 7
78 35 10
78 52 9
79 20 18
79 47 14
80 8 16
80 23 17
80 33 24
80 90 7
80 93 7
81 4 19
81 25 22
81 53 5
81 88 13
82 67 16
82 94 5
82 99 6
83 42 16
83 61 25
84 3 24
84 23 18
84 32 10
84 59 17
84 65 19
84 86 12
85 94 24
85 98 10
86 26 20
86 84 12
86 89 14
86 99 13
87 2 11
87 9 16
88 5 14
88 7 5
88 12 10
88 34 7
88 81 13
88 97 10
89 10 14
89 14 16
89 43 12
89 72 15
89 86 14
90 9 18
90 41 18
90 80 7
91 12 23
91 41 20
91 69 24
91 77 13
92 5 14
92 38 9
92 64 15
92 77 10
92 95 17
93 26 7
93 27 21
93 48 5
93 58 20
93 66 17
93 77 17
93 80 7
94 43 20
94 62 20
94 63 21
94 82 5
94 85 24
95 6 7
95 8 13
95 92 17
95 99 14
96 3 8
96 33 20
96 70 14
96 77 8
96 98 11
97 5 9
97 8 10
97 17 8
97 20 17
97 65 6
97 88 10
98 12 25
98 32 22
98 53 21
98 63 19
98 85 10
98 96 11
99 11 9
99 24 12
99 38 21
99 44 8
99 62 9
99 77 21
99 82 6
99 86 13
99 95 14
100 45 6
100 65 12
