1 11 20
1 12 24
1 25 30
1 49 30
2 12 32
2 14 5
2 15 20
2 26 19
2 32 25
2 41 26
2 45 16
2 48 10
3 19 31
3 24 28
3 33 27
3 41 15
4 48 31
5 3 19
5 6 13
5 21 6
5 28 24
5 37 4
5 43 29
6 10 19
6 17 29
6 22 6
6 35 21
6 47 16
7 4 35
7 6 11
7 24 30
7 40 14
7 47 23
8 4 14
8 32 7
8 36 28
8 45 14
8 50 31
9 7 12
9 8 28
9 35 35
9 48 8
10 21 23
10 28 5
10 44 10
11 16 8
11 23 8
12 9 10
12 25 28
12 26 30
12 41 35
12 45 18
13 2 26
13 15 29
13 30 17
13 34 25
14 1 10
14 33 25
15 7 24
15 37 18
15 48 10
16 5 27
16 14 3
16 31 26
16 32 23
16 38 27
16 43 26
17 11 6
17 12 29
17 15 22
17 16 3
17 18 17
17 20 19
18 21 25
18 25 14
18 41 34
18 46 34
19 6 24
19 9 9
19 25 27
19 29 27
19 35 34
20 28 32
20 41 20
20 42 7
20 45 9
21 17 14
21 23 4
21 33 31
21 37 10
21 39 30
22 10 6
22 36 13
22 37 35
22 38 19
22 40 11
22 47 4
23 10 6
24 6 30
24 12 14
24 15 24
24 26 4
24 42 21
25 9 5
25 29 32
25 31 30
25 40 32
25 48 8
26 7 21
26 9 13
26 31 27
26 34 33
26 36 10
26 44 34
27 10 3
27 13 7
27 21 34
27 23 10
27 29 33
28 21 5
28 35 21
29 13 33
29 14 18
29 20 17
29 23 6
29 28 14
29 30 34
29 31 4
29 36 20
30 15 18
30 34 15
30 38 3
31 3 31
31 10 25
31 20 19
31 28 4
31 50 30
32 9 18
32 36 6
32 38 11
32 47 13
32 48 20
33 6 17
33 9 12
33 10 10
33 30 30
33 41 16
33 49 21
34 10 22
34 16 27
34 17 10
34 22 4
34 27 9
35 7 10
35 17 30
35 27 8
35 34 35
35 36 3
36 3 9
36 5 24
36 19 17
36 27 24
36 42 5
36 47 4
37 11 33
37 34 26
37 36 26
37 49 9
38 2 8
38 7 8
38 10 23
38 14 30
38 24 31
38 29 5
38 31 35
38 41 8
39 2 25
39 4 33
39 5 4
39 7 34
39 13 16
40 1 30
40 4 12
40 14 31
40 16 6
40 26 26
40 36 19
40 38 32
40 48 23
40 50 28
41 5 14
41 22 6
41 29 7
41 36 7
41 39 27
41 43 17
42 1 31
42 5 25
42 37 6
42 41 14
42 43 32
42 44 33
43 1 6
43 7 27
43 9 24
43 10 6
43 39 32
43 47 14
44 2 14
44 4 15
44 13 34
44 37 21
44 40 17
45 3 27
45 4 28
45 13 4
45 15 22
45 18 28
45 34 30
45 36 15
46 10 34
46 15 28
46 25 35
46 39 30
47 49 17
48 18 30
48 23 7
48 35 21
48 41 18
49 23 9
49 25 8
50 11 17
50 21 17
50 26 23
50 41 12
50 42 8
50 43 24
50 47 34
