0 12 20 19 13 9 5 22 12 14 6 24 22 12 11 15 20 6 15 16 6 10 13 21 8 19 22 10 23 22 12 23 17 13 10 15 22 15 18 24 22 11 22 8 18 16 19 7 9 25 
12 0 15 18 17 23 14 6 10 23 15 14 23 13 22 23 11 20 21 13 6 6 18 5 8 9 10 23 24 11 13 24 23 15 15 7 15 10 10 14 19 22 20 7 14 8 22 6 10 21 
20 15 0 19 14 17 9 12 21 19 9 7 21 15 19 25 7 18 21 20 21 9 8 25 24 24 20 19 10 21 18 9 15 22 21 7 24 11 19 23 22 24 17 8 16 6 13 6 9 8 
19 18 19 0 19 5 20 18 11 11 8 8 17 13 15 16 18 13 22 22 14 20 9 13 16 7 10 8 21 25 14 21 21 10 19 23 12 23 25 5 16 6 20 19 25 21 6 17 12 20 
13 17 14 19 0 13 25 19 22 21 20 24 21 23 9 20 20 21 11 24 10 23 11 19 7 11 16 12 25 18 15 17 14 18 8 11 21 20 25 11 7 14 14 25 16 24 6 18 24 6 
9 23 17 5 13 0 14 11 21 20 15 19 15 7 12 16 7 14 22 23 6 11 24 18 12 24 19 12 24 10 14 25 15 14 9 21 16 14 16 22 10 14 11 11 6 12 8 16 8 23 
5 14 9 20 25 14 0 21 9 5 10 19 5 22 11 14 7 20 25 22 23 15 14 18 16 20 11 5 22 25 14 17 8 24 14 7 8 10 15 7 7 15 19 16 13 22 15 21 13 18 
22 6 12 18 19 11 21 0 6 17 8 14 12 10 13 7 20 20 16 20 19 12 25 6 18 17 23 15 9 25 10 9 19 24 10 17 25 10 8 13 19 19 14 21 5 20 7 8 10 20 
12 10 21 11 22 21 9 6 0 17 10 8 25 17 20 15 25 12 24 15 16 25 6 16 12 23 8 21 6 15 12 17 18 13 13 23 24 20 14 12 18 19 11 20 18 14 9 15 18 21 
14 23 19 11 21 20 5 17 17 0 7 10 10 18 21 24 8 23 9 7 11 20 7 19 18 6 6 24 14 22 11 12 8 20 8 24 24 23 9 23 11 25 20 15 17 7 7 17 11 11 
6 15 9 8 20 15 10 8 10 7 0 8 8 16 23 6 19 19 20 10 7 21 9 13 21 10 18 9 6 22 21 16 14 15 14 5 16 13 17 21 11 21 24 14 16 24 10 24 21 11 
24 14 7 8 24 19 19 14 8 10 8 0 24 14 10 22 6 23 23 23 24 20 21 7 18 19 8 22 13 9 8 22 6 22 14 12 19 14 11 7 9 25 8 20 15 21 10 8 7 17 
22 23 21 17 21 15 5 12 25 10 8 24 0 20 20 12 20 13 10 12 11 15 20 5 22 25 16 8 12 14 10 15 16 5 12 24 5 21 22 16 17 18 14 15 24 5 11 22 12 15 
12 13 15 13 23 7 22 10 17 18 16 14 20 0 9 22 14 15 17 24 16 22 18 15 16 12 24 18 10 25 21 7 23 8 9 13 5 18 13 7 6 11 13 6 24 22 6 23 6 8 
11 22 19 15 9 12 11 13 20 21 23 10 20 9 0 8 6 12 5 25 10 13 19 16 11 11 13 19 15 22 9 17 23 25 24 13 16 5 25 8 13 14 5 16 19 17 21 22 5 14 
15 23 25 16 20 16 14 7 15 24 6 22 12 22 8 0 11 25 23 23 11 25 19 23 13 18 23 10 19 8 12 22 13 24 14 12 20 23 17 14 25 20 23 8 5 9 23 6 13 24 
20 11 7 18 20 7 7 20 25 8 19 6 20 14 6 11 0 11 23 25 17 6 19 6 10 18 13 15 5 15 23 8 6 13 7 25 15 11 21 5 9 7 13 24 13 18 5 16 7 7 
6 20 18 13 21 14 20 20 12 23 19 23 13 15 12 25 11 0 17 13 24 5 5 22 10 15 12 6 23 21 6 8 8 16 11 12 16 24 5 19 8 23 15 14 20 14 19 19 17 23 
15 21 21 22 11 22 25 16 24 9 20 23 10 17 5 23 23 17 0 7 8 25 11 18 12 6 20 5 21 19 25 25 10 12 9 7 6 5 20 5 5 17 17 20 21 25 11 13 21 10 
16 13 20 22 24 23 22 20 15 7 10 23 12 24 25 23 25 13 7 0 25 20 15 12 13 12 20 6 22 20 15 23 16 17 13 18 10 11 22 9 5 19 23 9 10 25 17 23 5 6 
6 6 21 14 10 6 23 19 16 11 7 24 11 16 10 11 17 24 8 25 0 16 10 15 9 17 15 8 14 7 19 9 9 10 7 14 20 11 24 24 20 23 18 5 16 19 8 5 7 9 
10 6 9 20 23 11 15 12 25 20 21 20 15 22 13 25 6 5 25 20 16 0 24 12 20 22 19 22 21 17 19 17 13 15 20 5 16 11 15 19 21 23 16 10 12 16 23 8 5 19 
13 18 8 9 11 24 14 25 6 7 9 21 20 18 19 19 19 5 11 15 10 24 0 21 7 23 21 25 24 22 5 7 14 19 19 9 21 19 21 9 23 24 10 16 24 15 6 15 23 11 
21 5 25 13 19 18 18 6 16 19 13 7 5 15 16 23 6 22 18 12 15 12 21 0 6 18 18 19 17 6 24 16 9 16 21 18 25 18 13 7 16 23 7 17 20 13 12 6 25 20 
8 8 24 16 7 12 16 18 12 18 21 18 22 16 11 13 10 10 12 13 9 20 7 6 0 20 13 5 11 17 8 24 18 24 20 21 19 10 25 21 19 9 16 5 25 15 11 7 19 21 
19 9 24 7 11 24 20 17 23 6 10 19 25 12 11 18 18 15 6 12 17 22 23 18 20 0 13 22 14 21 25 7 5 21 21 20 24 5 20 10 13 23 25 6 8 20 17 23 21 5 
22 10 20 10 16 19 11 23 8 6 18 8 16 24 13 23 13 12 20 20 15 19 21 18 13 13 0 24 6 11 25 14 13 12 13 9 11 19 19 25 17 21 12 9 7 8 6 18 8 24 
10 23 19 8 12 12 5 15 21 24 9 22 8 18 19 10 15 6 5 6 8 22 25 19 5 22 24 0 10 8 10 9 8 14 5 14 8 15 10 17 14 21 16 6 19 14 17 11 22 14 
23 24 10 21 25 24 22 9 6 14 6 13 12 10 15 19 5 23 21 22 14 21 24 17 11 14 6 10 0 10 6 7 9 9 17 13 16 15 5 18 20 22 20 6 10 16 17 18 20 15 
22 11 21 25 18 10 25 25 15 22 22 9 14 25 22 8 15 21 19 20 7 17 22 6 17 21 11 8 10 0 11 9 14 9 13 24 18 5 15 12 11 13 8 10 13 15 5 8 23 9 
12 13 18 14 15 14 14 10 12 11 21 8 10 21 9 12 23 6 25 15 19 19 5 24 8 25 25 10 6 11 0 10 24 22 17 20 22 14 23 16 21 13 16 11 9 17 20 8 9 17 
23 24 9 21 17 25 17 9 17 12 16 22 15 7 17 22 8 8 25 23 9 17 7 16 24 7 14 9 7 9 10 0 14 21 14 23 7 6 5 14 14 5 23 21 5 10 16 8 25 9 
17 23 15 21 14 15 8 19 18 8 14 6 16 23 23 13 6 8 10 16 9 13 14 9 18 5 13 8 9 14 24 14 0 8 18 9 11 23 11 24 23 13 19 6 5 15 11 16 12 20 
13 15 22 10 18 14 24 24 13 20 15 22 5 8 25 24 13 16 12 17 10 15 19 16 24 21 12 14 9 9 22 21 8 0 6 6 15 6 8 25 21 6 14 10 20 15 18 19 7 21 
10 15 21 19 8 9 14 10 13 8 14 14 12 9 24 14 7 11 9 13 7 20 19 21 20 21 13 5 17 13 17 14 18 6 0 12 22 8 24 24 11 24 24 25 23 19 20 14 19 21 
15 7 7 23 11 21 7 17 23 24 5 12 24 13 13 12 25 12 7 18 14 5 9 18 21 20 9 14 13 24 20 23 9 6 12 0 21 11 22 12 25 24 24 10 24 22 19 18 24 8 
22 15 24 12 21 16 8 25 24 24 16 19 5 5 16 20 15 16 6 10 20 16 21 25 19 24 11 8 16 18 22 7 11 15 22 21 0 18 14 19 7 21 13 7 11 20 17 11 13 12 
15 10 11 23 20 14 10 10 20 23 13 14 21 18 5 23 11 24 5 11 11 11 19 18 10 5 19 15 15 5 14 6 23 6 8 11 18 0 23 23 11 9 13 12 20 6 23 19 5 21 
18 10 19 25 25 16 15 8 14 9 17 11 22 13 25 17 21 5 20 22 24 15 21 13 25 20 19 10 5 15 23 5 11 8 24 22 14 23 0 6 23 14 23 20 10 8 19 5 10 7 
24 14 23 5 11 22 7 13 12 23 21 7 16 7 8 14 5 19 5 9 24 19 9 7 21 10 25 17 18 12 16 14 24 25 24 12 19 23 6 0 10 12 19 10 15 10 7 12 14 20 
22 19 22 16 7 10 7 19 18 11 11 9 17 6 13 25 9 8 5 5 20 21 23 16 19 13 17 14 20 11 21 14 23 21 11 25 7 11 23 10 0 11 25 18 16 25 13 18 13 14 
11 22 24 6 14 14 15 19 19 25 21 25 18 11 14 20 7 23 17 19 23 23 24 23 9 23 21 21 22 13 13 5 13 6 24 24 21 9 14 12 11 0 9 22 19 22 17 9 13 20 
22 20 17 20 14 11 19 14 11 20 24 8 14 13 5 23 13 15 17 23 18 16 10 7 16 25 12 16 20 8 16 23 19 14 24 24 13 13 23 19 25 9 0 11 8 5 14 8 8 25 
8 7 8 19 25 11 16 21 20 15 14 20 15 6 16 8 24 14 20 9 5 10 16 17 5 6 9 6 6 10 11 21 6 10 25 10 7 12 20 10 18 22 11 0 16 8 16 15 5 7 
18 14 16 25 16 6 13 5 18 17 16 15 24 24 19 5 13 20 21 10 16 12 24 20 25 8 7 19 10 13 9 5 5 20 23 24 11 20 10 15 16 19 8 16 0 21 7 13 11 12 
16 8 6 21 24 12 22 20 14 7 24 21 5 22 17 9 18 14 25 25 19 16 15 13 15 20 8 14 16 15 17 10 15 15 19 22 20 6 8 10 25 22 5 8 21 0 22 11 24 5 
19 22 13 6 6 8 15 7 9 7 10 10 11 6 21 23 5 19 11 17 8 23 6 12 11 17 6 17 17 5 20 16 11 18 20 19 17 23 19 7 13 17 14 16 7 22 0 17 18 20 
7 6 6 17 18 16 21 8 15 17 24 8 22 23 22 6 16 19 13 23 5 8 15 6 7 23 18 11 18 8 8 8 16 19 14 18 11 19 5 12 18 9 8 15 13 11 17 0 11 21 
9 10 9 12 24 8 13 10 18 11 21 7 12 6 5 13 7 17 21 5 7 5 23 25 19 21 8 22 20 23 9 25 12 7 19 24 13 5 10 14 13 13 8 5 11 24 18 11 0 5 
25 21 8 20 6 23 18 20 21 11 11 17 15 8 14 24 7 23 10 6 9 19 11 20 21 5 24 14 15 9 17 9 20 21 21 8 12 21 7 20 14 20 25 7 12 5 20 21 5 0 
