19 33 2 3 13 46 16 17 35 23 26 28 29 
6 38 39 41 10 13 46 49 42 21 22 24 25 27 28 29 30 
1 36 5 6 8 41 42 44 40 18 23 25 31 
32 34 35 36 39 41 42 43 13 17 50 19 30 
32 33 43 36 37 6 7 42 11 45 46 47 19 39 27 
19 1 34 3 36 8 9 2 17 50 35 41 25 31 
32 33 3 36 38 31 8 12 11 44 13 14 48 43 19 20 27 28 16 
33 4 5 38 40 9 43 46 15 20 41 23 25 
2 3 5 38 7 8 37 10 11 45 48 49 50 23 26 27 28 29 30 31 
1 4 37 6 7 40 9 13 18 19 21 22 24 25 26 
34 36 37 42 43 44 17 18 20 21 24 27 31 
32 1 2 7 8 9 10 44 14 16 40 46 22 41 25 28 42 
34 3 4 6 7 8 9 10 39 47 48 17 18 19 40 36 27 
1 34 35 36 5 6 17 40 10 45 48 49 50 22 31 28 30 16 
32 1 3 36 37 38 39 42 11 12 47 48 17 43 26 30 31 
33 2 35 37 7 9 11 44 45 46 15 49 19 21 41 26 
1 2 36 37 16 39 12 34 14 47 48 49 19 22 26 
19 42 35 4 7 40 10 3 21 22 23 25 29 
34 3 4 39 9 10 2 46 16 17 50 41 42 
32 11 4 8 41 43 44 46 47 48 49 24 27 31 
33 4 37 16 7 8 9 44 46 48 17 25 26 28 
32 33 2 35 4 6 38 8 11 44 46 18 19 23 36 28 29 30 
33 35 4 37 38 41 11 12 45 14 43 24 25 26 28 
1 4 39 40 10 12 46 47 48 42 21 22 25 15 29 36 
36 6 7 40 43 12 13 47 50 39 27 28 4 
32 2 50 4 37 6 40 41 44 34 13 17 18 21 24 15 
1 2 35 36 37 39 8 10 43 34 46 45 16 19 24 26 28 31 
2 4 6 10 43 44 13 14 17 19 23 36 29 
33 4 38 7 40 12 11 44 45 48 20 24 16 
35 38 39 8 10 7 14 15 49 18 46 40 23 
36 39 40 41 44 13 46 45 26 27 28 
1 35 38 6 33 40 10 7 12 47 48 17 19 23 39 26 27 29 31 
35 4 39 8 41 42 13 14 15 50 21 22 23 26 27 30 
16 5 39 40 12 10 11 44 14 47 48 49 22 25 30 31 
32 33 27 4 1 12 10 44 46 15 48 18 22 23 25 47 28 30 31 
32 33 4 7 41 42 39 45 47 50 23 29 30 
33 3 38 8 41 11 44 13 45 50 24 25 15 30 31 
16 34 35 49 39 8 10 12 13 46 48 17 23 24 26 30 
32 4 8 9 10 16 40 50 20 21 28 31 
1 34 3 5 6 7 39 47 43 35 21 24 25 26 29 
34 5 38 39 46 16 17 28 29 37 
33 36 16 1 8 9 10 11 12 14 15 48 40 18 21 22 24 26 47 31 
32 1 2 5 40 9 44 46 50 19 21 22 27 28 37 
32 3 36 42 43 12 45 47 16 17 50 19 20 24 26 27 29 30 
34 37 6 39 38 41 14 16 49 50 20 23 24 26 27 30 31 
2 3 4 37 6 39 40 41 43 34 16 17 18 25 27 28 29 30 36 
1 4 37 38 33 8 9 42 11 12 44 49 17 22 40 39 26 29 31 
19 1 34 3 4 41 10 15 16 17 35 20 22 47 28 
16 2 3 37 7 8 41 10 48 40 50 20 22 28 30 
32 33 2 38 6 7 9 42 43 44 47 16 49 19 24 30 
