1 2
1 3
1 13
1 16
1 17
1 19
1 23
1 26
1 28
1 29
1 33
1 35
1 46
2 6
2 10
2 13
2 21
2 22
2 24
2 25
2 27
2 28
2 29
2 30
2 38
2 39
2 41
2 42
2 46
2 49
3 1
3 5
3 6
3 8
3 18
3 23
3 25
3 31
3 36
3 40
3 41
3 42
3 44
4 13
4 17
4 19
4 30
4 32
4 34
4 35
4 36
4 39
4 41
4 42
4 43
4 50
5 6
5 7
5 11
5 19
5 27
5 32
5 33
5 36
5 37
5 39
5 42
5 43
5 45
5 46
5 47
6 1
6 2
6 3
6 8
6 9
6 17
6 19
6 25
6 31
6 34
6 35
6 36
6 41
6 50
7 3
7 8
7 11
7 12
7 13
7 14
7 16
7 19
7 20
7 27
7 28
7 31
7 32
7 33
7 36
7 38
7 43
7 44
7 48
8 4
8 5
8 9
8 15
8 20
8 23
8 25
8 33
8 38
8 40
8 41
8 43
8 46
9 2
9 3
9 5
9 7
9 8
9 10
9 11
9 23
9 26
9 27
9 28
9 29
9 30
9 31
9 37
9 38
9 45
9 48
9 49
9 50
10 1
10 4
10 6
10 7
10 9
10 13
10 18
10 19
10 21
10 22
10 24
10 25
10 26
10 37
10 40
11 17
11 18
11 20
11 21
11 24
11 27
11 31
11 34
11 36
11 37
11 42
11 43
11 44
12 1
12 2
12 7
12 8
12 9
12 10
12 14
12 16
12 22
12 25
12 28
12 32
12 40
12 41
12 42
12 44
12 46
13 3
13 4
13 6
13 7
13 8
13 9
13 10
13 17
13 18
13 19
13 27
13 34
13 36
13 39
13 40
13 47
13 48
14 1
14 5
14 6
14 10
14 16
14 17
14 22
14 28
14 30
14 31
14 34
14 35
14 36
14 40
14 45
14 48
14 49
14 50
15 1
15 3
15 11
15 12
15 17
15 26
15 30
15 31
15 32
15 36
15 37
15 38
15 39
15 42
15 43
15 47
15 48
16 2
16 7
16 9
16 11
16 15
16 19
16 21
16 26
16 33
16 35
16 37
16 41
16 44
16 45
16 46
16 49
17 1
17 2
17 12
17 14
17 16
17 19
17 22
17 26
17 34
17 36
17 37
17 39
17 47
17 48
17 49
18 3
18 4
18 7
18 10
18 19
18 21
18 22
18 23
18 25
18 29
18 35
18 40
18 42
19 2
19 3
19 4
19 9
19 10
19 16
19 17
19 34
19 39
19 41
19 42
19 46
19 50
20 4
20 8
20 11
20 24
20 27
20 31
20 32
20 41
20 43
20 44
20 46
20 47
20 48
20 49
21 4
21 7
21 8
21 9
21 16
21 17
21 25
21 26
21 28
21 33
21 37
21 44
21 46
21 48
22 2
22 4
22 6
22 8
22 11
22 18
22 19
22 23
22 28
22 29
22 30
22 32
22 33
22 35
22 36
22 38
22 44
22 46
23 4
23 11
23 12
23 14
23 24
23 25
23 26
23 28
23 33
23 35
23 37
23 38
23 41
23 43
23 45
24 1
24 4
24 10
24 12
24 15
24 21
24 22
24 25
24 29
24 36
24 39
24 40
24 42
24 46
24 47
24 48
25 4
25 6
25 7
25 12
25 13
25 27
25 28
25 36
25 39
25 40
25 43
25 47
25 50
26 2
26 4
26 6
26 13
26 15
26 17
26 18
26 21
26 24
26 32
26 34
26 37
26 40
26 41
26 44
26 50
27 1
27 2
27 8
27 10
27 16
27 19
27 24
27 26
27 28
27 31
27 34
27 35
27 36
27 37
27 39
27 43
27 45
27 46
28 2
28 4
28 6
28 10
28 13
28 14
28 17
28 19
28 23
28 29
28 36
28 43
28 44
29 4
29 7
29 11
29 12
29 16
29 20
29 24
29 33
29 38
29 40
29 44
29 45
29 48
30 7
30 8
30 10
30 14
30 15
30 18
30 23
30 35
30 38
30 39
30 40
30 46
30 49
31 13
31 26
31 27
31 28
31 36
31 39
31 40
31 41
31 44
31 45
31 46
32 1
32 6
32 7
32 10
32 12
32 17
32 19
32 23
32 26
32 27
32 29
32 31
32 33
32 35
32 38
32 39
32 40
32 47
32 48
33 4
33 8
33 13
33 14
33 15
33 21
33 22
33 23
33 26
33 27
33 30
33 35
33 39
33 41
33 42
33 50
34 5
34 10
34 11
34 12
34 14
34 16
34 22
34 25
34 30
34 31
34 39
34 40
34 44
34 47
34 48
34 49
35 1
35 4
35 10
35 12
35 15
35 18
35 22
35 23
35 25
35 27
35 28
35 30
35 31
35 32
35 33
35 44
35 46
35 47
35 48
36 4
36 7
36 23
36 29
36 30
36 32
36 33
36 39
36 41
36 42
36 45
36 47
36 50
37 3
37 8
37 11
37 13
37 15
37 24
37 25
37 30
37 31
37 33
37 38
37 41
37 44
37 45
37 50
38 8
38 10
38 12
38 13
38 16
38 17
38 23
38 24
38 26
38 30
38 34
38 35
38 39
38 46
38 48
38 49
39 4
39 8
39 9
39 10
39 16
39 20
39 21
39 28
39 31
39 32
39 40
39 50
40 1
40 3
40 5
40 6
40 7
40 21
40 24
40 25
40 26
40 29
40 34
40 35
40 39
40 43
40 47
41 5
41 16
41 17
41 28
41 29
41 34
41 37
41 38
41 39
41 46
42 1
42 8
42 9
42 10
42 11
42 12
42 14
42 15
42 16
42 18
42 21
42 22
42 24
42 26
42 31
42 33
42 36
42 40
42 47
42 48
43 1
43 2
43 5
43 9
43 19
43 21
43 22
43 27
43 28
43 32
43 37
43 40
43 44
43 46
43 50
44 3
44 12
44 16
44 17
44 19
44 20
44 24
44 26
44 27
44 29
44 30
44 32
44 36
44 42
44 43
44 45
44 47
44 50
45 6
45 14
45 16
45 20
45 23
45 24
45 26
45 27
45 30
45 31
45 34
45 37
45 38
45 39
45 41
45 49
45 50
46 2
46 3
46 4
46 6
46 16
46 17
46 18
46 25
46 27
46 28
46 29
46 30
46 34
46 36
46 37
46 39
46 40
46 41
46 43
47 1
47 4
47 8
47 9
47 11
47 12
47 17
47 22
47 26
47 29
47 31
47 33
47 37
47 38
47 39
47 40
47 42
47 44
47 49
48 1
48 3
48 4
48 10
48 15
48 16
48 17
48 19
48 20
48 22
48 28
48 34
48 35
48 41
48 47
49 2
49 3
49 7
49 8
49 10
49 16
49 20
49 22
49 28
49 30
49 37
49 40
49 41
49 48
49 50
50 2
50 6
50 7
50 9
50 16
50 19
50 24
50 30
50 32
50 33
50 38
50 42
50 43
50 44
50 47
50 49
