1 10
1 21
1 30
2 36
3 16
3 20
4 11
5 13
5 19
5 30
5 37
5 45
6 31
6 46
7 44
8 22
8 23
8 24
8 42
9 43
10 1
10 18
10 47
11 4
11 14
11 43
12 13
12 20
12 25
12 30
13 5
13 12
13 38
13 41
14 11
14 28
14 44
15 32
16 3
16 22
17 26
17 29
17 36
18 10
18 27
19 5
19 21
20 3
20 12
20 24
20 29
20 32
21 1
21 19
22 8
22 16
22 45
23 8
23 32
23 37
23 44
23 49
24 8
24 20
24 46
25 12
25 27
25 45
26 17
26 32
27 18
27 25
28 14
28 33
28 41
29 17
29 20
29 34
29 48
30 1
30 5
30 12
31 6
32 15
32 20
32 23
32 26
32 40
32 43
33 28
33 36
34 29
34 50
35 36
36 2
36 17
36 33
36 35
37 5
37 23
38 13
38 46
38 49
39 47
39 48
40 32
40 50
41 13
41 28
42 8
43 9
43 11
43 32
44 7
44 14
44 23
45 5
45 22
45 25
46 6
46 24
46 38
47 10
47 39
48 29
48 39
49 23
49 38
50 34
50 40
