1 48 31
2 19 42
2 23 18
2 28 9
2 36 38
3 6 18
4 34 31
5 39 31
6 3 18
6 14 4
6 15 21
6 18 9
7 17 34
7 20 35
7 27 6
8 18 18
9 10 7
9 34 39
9 45 32
10 9 7
10 34 28
11 18 43
11 37 9
11 38 27
12 13 16
12 20 21
13 12 16
13 22 31
14 6 4
14 15 41
14 31 6
14 39 47
15 6 21
15 14 41
16 20 11
17 7 34
17 21 22
17 42 7
17 44 8
18 6 9
18 8 18
18 11 43
19 2 42
19 29 12
20 7 35
20 12 21
20 16 11
20 26 20
21 17 22
22 13 31
22 25 15
23 2 18
23 46 22
24 41 16
24 49 12
25 22 15
25 35 18
26 20 20
26 35 16
26 47 48
27 7 6
28 2 9
29 19 12
29 33 16
29 34 20
30 38 7
30 40 17
30 48 45
31 14 6
31 49 43
32 48 35
33 29 16
34 4 31
34 9 39
34 10 28
34 29 20
35 25 18
35 26 16
36 2 38
37 11 9
37 38 26
38 11 27
38 30 7
38 37 26
38 39 43
39 5 31
39 14 47
39 38 43
40 30 17
41 24 16
42 17 7
43 44 30
43 50 22
44 17 8
44 43 30
44 47 23
45 9 32
45 46 30
46 23 22
46 45 30
47 26 48
47 44 23
48 1 31
48 30 45
48 32 35
49 24 12
49 31 43
50 43 22
