deg+ = [2, 3, 3, 4, 5, 4, 6, 7, 6, 1, 6, 9, 6, 6, 5, 5, 8, 4, 7, 4, 7, 4, 6, 3, 8, 4, 6, 11, 3, 3, 11, 5, 5, 2, 1, 4, 5, 7, 6, 6, 6, 7, 2, 3, 7, 3, 7, 3, 4, 8]
deg- = [7, 5, 5, 4, 2, 4, 2, 5, 3, 1, 7, 5, 5, 4, 5, 7, 4, 5, 9, 7, 5, 6, 5, 3, 6, 7, 5, 4, 5, 5, 5, 5, 7, 8, 5, 6, 6, 6, 4, 8, 7, 10, 5, 3, 6, 2, 7, 5, 3, 3]
Distancies:
[ 0 37 37 20 24 24 17 31 26 24 25 23 22  7 27 23 27  3 10 21 11 20 43 34 23 32 16 18 21 26 19 35 12 22 33 30 18 29 31 38 13 13 32 29  9 38 32 33 26  3]
[25  0 52 17 33 12 14 26 27 44  8 11 29 32 28 16 30 28 30 39 31 20 23  6 24 20 17 18 38 14  4 21 18 30 50 38 30 22 32 22 28 20 46 25 26 31 31 16 35 26]
[29 39  0 29 27 17 26 25 30 51 15 13 41 36 31 10 31 32 32 38 38 14 33 24 21 22 20  8 32 16  9 22 30 37 44 50 29 27 29 28 35 27 51 30 20 38 36 23 29 32]
[36 37 57  0 39 38 39 24 43 57 27 26 12 43 44 22 35 39 45 43 44 26 37 29 28 29 33 33 37 29 30 26 43 43 49 59 34 44 36 32 36 33 67 45 25 50 21 35 41 39]
[26 30 50 35  0 29 32 34 35 33 20 19 41 33 37 24 29 29 36 36 20 28 45 36 18 28 26 21 30 22 21 33 36 36 42 52 27  5 26 34 39 26 29 38 18 43 14 28 43 29]
[20 35 55 40 44  0 37 29 16 38 25 24 42 27 42 29 23 23 30 41 25 33 46 34 12 26 31 25 35 27 26 31 32 41 47 50 32 10 20 37 33 31 34 43 23 48 19 33 46 23]
[11 40 44  3 35 24  0 23 18 35 22 15 15 18 19 20 31 14 21 32 22 12 40 30 31 24  8 22 32 18 16 27  4 33 44 24 25 34 25 32 24 24 43 36 20 32 24 30 27 14]
[27 30 41 19 25 21 16  0 25 46 19 19 31 34 29 24 33 30 36 36 33  9 17 27 32 28 18 26 30 22 13 24 20 32 42 40 27 30 30 30 12 22 54 34 18 42 14 27 24 26]
[33 45 41 30 31 30 27 29  0 23 28 14 36 40 32 14 36 36 24 35 10 18 46 25 25 23 21  9 21 17 22 28 31 36 33 51 33 30 33 34 40 32 46 35 24 47 37 36 33 36]
[28 32 52 37 43 31 34 36 37  0 22 21 43 35 39 26 31 31 38 38 22 30 47 38 20 30 28 23 32 24 23 35 38 38 44 54 29  7 28 36 41 28 31 40 20 45 16 30 45 31]
[30 39 48 16 33 19 19 24 19 36  0 18 28 24 20 23 31 33 27 37 23 23 35 25 22 17  9 20 34 21 11 22 23 22 46 38 37 29 30 14 20 12 49 32 28 23 25  8 31 21]
[24 31 41 16 22 21 13 15 17 40 19  0 28 31 18  5 23 27 19 30 27  9 32 17 16  9  7  7 27  3 13 14 17 31 39 37 24 27 24 20 26 23 41 34 15 33 23 27 24 27]
[24 31 52 38 46 43 35 29 33 48 39 24  0 31 33 29 23 27 34 38 35 33 25 17 16 17 31 29 32 27 35 14 36 38 44 54 29 47 24 20 34 28 56 40 20 41 34 40 47 27]
[24 46 30 16 23 32 13 26 31 30 21 19 15  0 32 19 20 27  3 14 17 23 40 30 16 28 21 14 28 22 24 29 17 15 40 23 32 24 24 31 26  6 25 42 29 31 33 29 19 15]
[31 34 34 23 18 25 20  4 29 48 12 23 14 28  0 28 24 34  7 18 35 13 21 31 30 29 21 27 34 26 17 28 24 19 46 35 31 23 34 26 16 24 29 38 22 35 18 20 23 30]
[19 36 36 25 17 16 22 15 28 42 14 13 33 26 31  0 22 22 29 28 29  4 32 22 11 22 20 19 22 16  8 19 26 28 34 44 19 22 19 25 27 18 46 29 10 37 29 22 19 22]
[27 36 47 23 29 27 20  6 31 44 25 25 35 34 33 30  0 30 37 42 31 15 23 33 30 34 22 28 36 28 19 30 20 30 48 40 33 34 36 23 16 20 58 40 24 48 20 33 30  9]
[16 45 34 20 27 21 17 28 23 34 25 20 19  4 24 23 24  0  7 18 21 17 44 34 20 29 13 18 32 23 21 32  9 19 44 27 30 28 28 35 23 10 29 41 25 35 29 33 23 12]
[36 43 27 34 20 29 34 23 37 47 18 25 12 21 38 25 17 33  0 11 34 29 37 29 28 29 27 20 42 28 21 26 37 12 54 28 29 21 35 32 33 27 22 40 32 36 30 26 16 26]
[34 39 16 23  9 26 23 31 26 40  7 25 19 10 27 19 30 37 13  0 27 23 42 32 26 24 16 24 38 28 18 29 27 25 50 33 36 14 34 21 27 16 35 39 27 30 23 15 29 25]
[41 45 31 34 40 31 31 33 31 13 29 18 44 48 36 23 37 44 37 39  0 27 47 35 33 27 25 25 11 21 23 32 35 49 23 43 30 20 41 38 44 41 44 25 33 51 29 37 42 44]
[29 32 32 21 33 12 18 11 28 46 10 11 33 34 29 16 24 32 30 39 33  0 28 18 24 20 18 18 33 14  4 15 22 32 45 42 30 22 21 21 23 22 46 25 21 33 25 18 15 31]
[23 29 41 15 33 34 12 31  8 29 19 18 27 30 31 18 26 26 32 35 16 22  0 29 15 27 20 13 27 21 26 32 16 15 39 31 26 24 23 15 20  5 48 37 17 39 13 27 24  9]
[38 32 53 37 44 44 34 30 45 51 40 28 44 45 38 33 24 41 38 39 38 37 47  0 37 32 35 30 33 31 36 15 31 37 45 51 30 46 38 21 31 27 60 41 21 56 35 23 46 20]
[ 8 36 45 28 32 32 25 17 17 32 33 21 30 15 30 26 11 11 18 29 19 26 34 22  0 14 24 26 29 23 27 19 20 30 41 38 26 37  8 25 21 21 40 37 17 38 31 41 34 11]
[31 22 43 23 29 28 20 20 24 43 26  7 30 24 16 12 14 34 23 29 30 16 37  8 23  0 14 14 23 10 20  5 24 29 35 44 20 34 28 11 17 19 45 31 11 24 25 31 31 23]
[42 32 45 34 29 36 31 15 10 33 22 20 25 39 11 24 35 45 18 29 20 24 32 35 35 29  0 19 31 23 28 34 35 30 43 46 29 34 43 36 27 28 40 40 20 45 16 30 34 37]
[24 36 41 21 22 21 18 20 22 45 19  5 33 31 23  5 27 27 24 33 32  9 37 16 16 14 12  0 27  8 13 19 22 33 39 42 24 27 24 25 31 23 46 34 15 38 28 27 24 27]
[40 38 20 34 41 20 32 32 20 43 18 19 46 41 37 24 26 37 38 44 30 28 36 36 32 28 26 26  0 22 12 33 36 40 12 32 35 25 40 32 38 30 49 33 26 40 22 26 43 35]
[21 42 43 13 31 30 10 12 28 45 28 14 25 28 29 14 33 24 16 27 32 18 29 25 22 23 18  9 36  0 22 28 14 28 48 34 33 36 30 34 24 32 38 43 24 42 26 36 32 24]
[28 38 48 22 29  8 20 22 24 42  6  7 34 30 25 12 30 31 26 35 29 16 24 24 20 16 14 14 34 10  0 21 24 28 46 44 26 18 28 20 26 18 42 21 22 29 27 14 31 27]
[30 17 38 24 33 29 21 15 30 38 25 13 29 34 23 18  9 33 23 24 25 22 32  3 24 22 20 15 18 16 21  0 23 24 30 40 15 33 23  6 25 14 45 26  6 46 20 26 33 18]
[ 7 36 40 27 31 20 24 19 14 31 18 11 29 14 15 16 27 10 17 28 18  8 36 26 27 20  4 18 28 14 12 23  0 29 40 20 21 30 21 28 20 20 39 32 16 28 20 26 23 10]
[30 34 42 29 30 21 26 20 30 35 24 13 31 25 31 13 14 21 28 26 22 17 37 24 22 22 20  8 30 16 21 27 30  0 42 16 17  9 30 21 27 19 33 28 22 24 18 15 32 23]
[39 26 46 31 37 35 28 20 32 31 16 15 36 29 33 20 14 25 32 32 18 24 37 32 31 24 22 22 26 18 27 29 32 32  0 20 23 38 39 28 30 22 54 34 14 28 10 24 39 23]
[21 38 37 22 32 26 22 24 28 19 28 15 16  9 25 20 29  5 12 23  6 22 33 32 25 24 18 22 17 18 26 29 14 24 29  0 35 26 25  8 26 15 34 31 26  8 22 36 28 15]
[38 19 25 32 18 31 32 35 33 49 16 30 14 19 36 28 29 41 12  9 36 32 39 25 30 31 25 32 13 33 23 28 36 24 25 40  0 23 38 30 36 25 34 11 34 39 32 24 28 34]
[21 25 45 30 36 24 27 29 30 28 15 14 36 28 32 19 24 24 31 31 15 23 40 31 13 23 21 16 25 17 16 28 31 31 37 47 22  0 21 29 34 21 24 33 13 38  9 23 38 24]
[33 28 49 24 35 33 26 12  9 32 31 13 36 30 22 18  6 36 29 35 19 21 29 14 29  6 20 18 29 16 25 11 26 35 41 46 26 39  0 17 22 25 51 37 17 30 26 37 36 15]
[24 30 39 23 29 28 20 16 24 47 20  7 29 31 17 12 23 27 17 23 34 16 33 24 23 16 14 14 30 10 20 21 17 29 42 37 27 34 17  0 28 26 39 38 18 40 14 28 31 27]
[15 38 45  7 13 14  4 21 16 39 12 13 19 22 17 18 35 18 24 29 26 16 30 30 26 22  6 20 33 16  6 27  8 34 45 28 20 18 29 26  0 24 42 27 24 35 22 20 31 18]
[18 44 36 10 30 29  7 27 25 24 27 13 22 25 26 13 21 21 28 36 11 17 44 24 10 22 15  8 22 16 21 27 11 10 34 26 27 19 18 31 20  0 43 36 23 34 28 25 19  9]
[36 41 48 28 39 45 25 25 22 45 33 26 33 18 21 29 19 39 21 32 32 33 24 27 34 19 33 24 42 15 37 24 29 33 54 41 39 42 13 30 35 24  0 50 30 43 37 41 37 28]
[41 24 30 35 23 21 33 35 37 54 19 20 19 24 38 25 34 44 17 14 41 29 37 30 33 29 27 27 18 23 13 33 37 29 30 45  5 28 41 33 39 30 39  0 35 42 37 27 33 39]
[26 28 32 18 27 30 15 29 31 32 25 14 23 28 25 14 29 29 21 18 19 18 46 25 18 23 21  9 12 17 22 28 19 18 24 34  9 27 26 34 28  8 43 20  0 42 34 33 27 17]
[32 39 60 40 54 51 37 37 33 54 44 32  8 39 41 37 31 35 42 46 41 41 25 25 24 25 39 37 40 35 43 22 41 40 52 56 37 49 32 28 42 30 64 48 28  0 38 48 49 34]
[29 16 36 21 27 25 18 20 22 36  6  5 27 30 23 10 28 32 24 22 23 14 37 22 21 14 12 12 16  8 17 19 22 22 28 38 13 31 29 20 26 12 46 24  4 29  0 14 29 21]
[22 31 40 14 25 26 11 22 28 28 24 13 26 29 23 17 23 25 23 29 15 15 39 17 14  9 18 12 26 16 18 14 15 14 38 30 29 23 22  6 12  4 45 39 20 33 20  0 23 13]
[43 56 17 43 44 34 40 30 47 60 32 30 55 50 48 27 24 46 49 55 47 31 47 41 38 39 37 25 49 33 26 39 36 46 61 56 46 44 46 45 36 36 68 47 37 55 44 40  0 25]
[18 47 47 18 24 25 15 30 25 35 23 22 30 25 26 24 32 21 28 39 22 19 41 35 21 31 15 19 33 25 17 34 11 21 45 31 31 29 29 37 11 11 50 38 27 39 31 31 30  0]
Eccentricity: [43, 52, 51, 67, 52, 55, 44, 54, 51, 54, 49, 41, 56, 46, 48, 46, 58, 45, 54, 50, 51, 46, 48, 60, 45, 45, 46, 46, 49, 48, 48, 46, 40, 42, 54, 38, 49, 47, 51, 47, 45, 44, 54, 54, 46, 64, 46, 45, 68, 50]
