deg+ = [5, 4, 3, 4, 1, 2, 3, 4, 1, 4, 4, 1]
deg- = [4, 3, 5, 2, 4, 2, 5, 2, 4, 1, 3, 1]
Distancies:
[ 0 10 15 32 49 39 24  4 31  9 12 19]
[18  0  5 28 39 29 14  6 21 16 22  9]
[13  7  0 23 34 24  9 13 16 22 19  4]
[19 29 29  0 40 30 15 21 22 28 25 33]
[ 5 15 20 24  0  8 29  9 36 14 12 24]
[27  9 14 37 48  0 23 15 30 25 31 18]
[ 4 14 14 14 25 15  0  6  7 13 10 18]
[30 36 41 42 75 65 50  0 57 19 16 45]
[17 17 22 29 18  8 15 21  0 13  3 26]
[42 52 52 23 63 53 38 44 45  0 48 56]
[14 20 25 33 59 49 34 18 41 10  0 29]
[41 51 51 22 62 52 37 43 44 50 47  0]
Eccentricity: [49, 39, 34, 40, 36, 48, 25, 75, 29, 63, 59, 62]
