deg = [1, 1, 2, 1, 3, 1, 1, 2, 2, 2, 2, 3, 3, 3, 1, 1, 3, 3, 2, 3, 4, 2, 3, 1, 1, 2, 2, 3, 1, 1, 3, 2, 2, 1, 2, 2, 2, 1, 3, 2, 2, 2, 1, 2, 1, 2, 1, 2, 2, 3]
Distancies:
[  0  82  61  87  32 120  79  86  26  86 113 104  48  81  90  99 102  72  73  80  64  68  56  80  79  18 128  73  63  41  54 107   9 116  73  73  38 123 117  81 123 112 140 135 113  94  94  66  94  89]
[ 82   0  47  41  50  74  65  40  56  40  67  58  34  35  44  53  56  58  27  34  18  54  42  66  65  64  82  27  37  59  28  61  73  70   9  59  44  77  71  35  77  66  94  89  67  48  48  52  48  43]
[ 61  47   0  52  29  85  28  51  35  51  78  69  13  46  55  64  67  21  38  45  29   7   5  19  28  43  93  38  28  38  19  72  52  81  38  12  23  88  82  46  88  77 105 100  78  59  59  15  59  54]
[ 87  41  52   0  55  79  70  45  61  45  72  63  39  40  31  40  61  63  32  21  23  59  47  71  70  69  87  14  42  64  33  66  78  75  32  64  49  82  76   6  82  71  99  94  72  53  35  57  53  30]
[ 32  50  29  55   0  88  47  54   6  54  81  72  16  49  58  67  70  40  41  48  32  36  24  48  47  14  96  41  31   9  22  75  23  84  41  41   6  91  85  49  91  80 108 103  81  62  62  34  62  57]
[120  74  85  79  88   0 103  44  94  34   7  16  72  39  82  91  60  96  47  72  56  92  80 104 103 102  86  65  75  97  66  65 111  74  65  97  82  81  75  73  81  70  98  93  25  52  86  90  26  81]
[ 79  65  28  70  47 103   0  69  53  69  96  87  31  64  73  82  85   7  56  63  47  35  23  47  14  61 111  56  46  56  37  90  70  99  56  40  41 106 100  64 106  95 123 118  96  77  77  13  77  72]
[ 86  40  51  45  54  44  69   0  60  10  37  28  38   5  48  57  16  62  13  38  22  58  46  70  69  68  42  31  41  63  32  21  77  30  31  63  48  37  31  39  37  26  54  49  37   8  52  56  18  47]
[ 26  56  35  61   6  94  53  60   0  60  87  78  22  55  64  73  76  46  47  54  38  42  30  54  53   8 102  47  37  15  28  81  17  90  47  47  12  97  91  55  97  86 114 109  87  68  68  40  68  63]
[ 86  40  51  45  54  34  69  10  60   0  27  18  38   5  48  57  26  62  13  38  22  58  46  70  69  68  52  31  41  63  32  31  77  40  31  63  48  47  41  39  47  36  64  59  27  18  52  56   8  47]
[113  67  78  72  81   7  96  37  87  27   0   9  65  32  75  84  53  89  40  65  49  85  73  97  96  95  79  58  68  90  59  58 104  67  58  90  75  74  68  66  74  63  91  86  18  45  79  83  19  74]
[104  58  69  63  72  16  87  28  78  18   9   0  56  23  66  75  44  80  31  56  40  76  64  88  87  86  70  49  59  81  50  49  95  58  49  81  66  65  59  57  65  54  82  77   9  36  70  74  10  65]
[ 48  34  13  39  16  72  31  38  22  38  65  56   0  33  42  51  54  24  25  32  16  20   8  32  31  30  80  25  15  25   6  59  39  68  25  25  10  75  69  33  75  64  92  87  65  46  46  18  46  41]
[ 81  35  46  40  49  39  64   5  55   5  32  23  33   0  43  52  21  57   8  33  17  53  41  65  64  63  47  26  36  58  27  26  72  35  26  58  43  42  36  34  42  31  59  54  32  13  47  51  13  42]
[ 90  44  55  31  58  82  73  48  64  48  75  66  42  43   0  29  64  66  35  10  26  62  50  74  73  72  90  17  45  67  36  69  81  78  35  67  52  85  79  25  85  74 102  97  75  56  24  60  56  19]
[ 99  53  64  40  67  91  82  57  73  57  84  75  51  52  29   0  73  75  44  19  35  71  59  83  82  81  99  26  54  76  45  78  90  87  44  76  61  94  88  34  94  83 111 106  84  65  15  69  65  10]
[102  56  67  61  70  60  85  16  76  26  53  44  54  21  64  73   0  78  29  54  38  74  62  86  85  84  26  47  57  79  48   5  93  14  47  79  64  21  15  55  21  10  38  33  53   8  68  72  34  63]
[ 72  58  21  63  40  96   7  62  46  62  89  80  24  57  66  75  78   0  49  56  40  28  16  40   7  54 104  49  39  49  30  83  63  92  49  33  34  99  93  57  99  88 116 111  89  70  70   6  70  65]
[ 73  27  38  32  41  47  56  13  47  13  40  31  25   8  35  44  29  49   0  25   9  45  33  57  56  55  55  18  28  50  19  34  64  43  18  50  35  50  44  26  50  39  67  62  40  21  39  43  21  34]
[ 80  34  45  21  48  72  63  38  54  38  65  56  32  33  10  19  54  56  25   0  16  52  40  64  63  62  80   7  35  57  26  59  71  68  25  57  42  75  69  15  75  64  92  87  65  46  14  50  46   9]
[ 64  18  29  23  32  56  47  22  38  22  49  40  16  17  26  35  38  40   9  16   0  36  24  48  47  46  64   9  19  41  10  43  55  52   9  41  26  59  53  17  59  48  76  71  49  30  30  34  30  25]
[ 68  54   7  59  36  92  35  58  42  58  85  76  20  53  62  71  74  28  45  52  36   0  12  12  35  50 100  45  35  45  26  79  59  88  45   5  30  95  89  53  95  84 112 107  85  66  66  22  66  61]
[ 56  42   5  47  24  80  23  46  30  46  73  64   8  41  50  59  62  16  33  40  24  12   0  24  23  38  88  33  23  33  14  67  47  76  33  17  18  83  77  41  83  72 100  95  73  54  54  10  54  49]
[ 80  66  19  71  48 104  47  70  54  70  97  88  32  65  74  83  86  40  57  64  48  12  24   0  47  62 112  57  47  57  38  91  71 100  57   7  42 107 101  65 107  96 124 119  97  78  78  34  78  73]
[ 79  65  28  70  47 103  14  69  53  69  96  87  31  64  73  82  85   7  56  63  47  35  23  47   0  61 111  56  46  56  37  90  70  99  56  40  41 106 100  64 106  95 123 118  96  77  77  13  77  72]
[ 18  64  43  69  14 102  61  68   8  68  95  86  30  63  72  81  84  54  55  62  46  50  38  62  61   0 110  55  45  23  36  89   9  98  55  55  20 105  99  63 105  94 122 117  95  76  76  48  76  71]
[128  82  93  87  96  86 111  42 102  52  79  70  80  47  90  99  26 104  55  80  64 100  88 112 111 110   0  73  83 105  74  31 119  40  73 105  90  17  11  81   5  16  12   7  79  34  94  98  60  89]
[ 73  27  38  14  41  65  56  31  47  31  58  49  25  26  17  26  47  49  18   7   9  45  33  57  56  55  73   0  28  50  19  52  64  61  18  50  35  68  62   8  68  57  85  80  58  39  21  43  39  16]
[ 63  37  28  42  31  75  46  41  37  41  68  59  15  36  45  54  57  39  28  35  19  35  23  47  46  45  83  28   0  40   9  62  54  71  28  40  25  78  72  36  78  67  95  90  68  49  49  33  49  44]
[ 41  59  38  64   9  97  56  63  15  63  90  81  25  58  67  76  79  49  50  57  41  45  33  57  56  23 105  50  40   0  31  84  32  93  50  50  15 100  94  58 100  89 117 112  90  71  71  43  71  66]
[ 54  28  19  33  22  66  37  32  28  32  59  50   6  27  36  45  48  30  19  26  10  26  14  38  37  36  74  19   9  31   0  53  45  62  19  31  16  69  63  27  69  58  86  81  59  40  40  24  40  35]
[107  61  72  66  75  65  90  21  81  31  58  49  59  26  69  78   5  83  34  59  43  79  67  91  90  89  31  52  62  84  53   0  98   9  52  84  69  26  20  60  26  15  43  38  58  13  73  77  39  68]
[  9  73  52  78  23 111  70  77  17  77 104  95  39  72  81  90  93  63  64  71  55  59  47  71  70   9 119  64  54  32  45  98   0 107  64  64  29 114 108  72 114 103 131 126 104  85  85  57  85  80]
[116  70  81  75  84  74  99  30  90  40  67  58  68  35  78  87  14  92  43  68  52  88  76 100  99  98  40  61  71  93  62   9 107   0  61  93  78  35  29  69  35  24  52  47  67  22  82  86  48  77]
[ 73   9  38  32  41  65  56  31  47  31  58  49  25  26  35  44  47  49  18  25   9  45  33  57  56  55  73  18  28  50  19  52  64  61   0  50  35  68  62  26  68  57  85  80  58  39  39  43  39  34]
[ 73  59  12  64  41  97  40  63  47  63  90  81  25  58  67  76  79  33  50  57  41   5  17   7  40  55 105  50  40  50  31  84  64  93  50   0  35 100  94  58 100  89 117 112  90  71  71  27  71  66]
[ 38  44  23  49   6  82  41  48  12  48  75  66  10  43  52  61  64  34  35  42  26  30  18  42  41  20  90  35  25  15  16  69  29  78  35  35   0  85  79  43  85  74 102  97  75  56  56  28  56  51]
[123  77  88  82  91  81 106  37  97  47  74  65  75  42  85  94  21  99  50  75  59  95  83 107 106 105  17  68  78 100  69  26 114  35  68 100  85   0   6  76  12  11  29  24  74  29  89  93  55  84]
[117  71  82  76  85  75 100  31  91  41  68  59  69  36  79  88  15  93  44  69  53  89  77 101 100  99  11  62  72  94  63  20 108  29  62  94  79   6   0  70   6   5  23  18  68  23  83  87  49  78]
[ 81  35  46   6  49  73  64  39  55  39  66  57  33  34  25  34  55  57  26  15  17  53  41  65  64  63  81   8  36  58  27  60  72  69  26  58  43  76  70   0  76  65  93  88  66  47  29  51  47  24]
[123  77  88  82  91  81 106  37  97  47  74  65  75  42  85  94  21  99  50  75  59  95  83 107 106 105   5  68  78 100  69  26 114  35  68 100  85  12   6  76   0  11  17  12  74  29  89  93  55  84]
[112  66  77  71  80  70  95  26  86  36  63  54  64  31  74  83  10  88  39  64  48  84  72  96  95  94  16  57  67  89  58  15 103  24  57  89  74  11   5  65  11   0  28  23  63  18  78  82  44  73]
[140  94 105  99 108  98 123  54 114  64  91  82  92  59 102 111  38 116  67  92  76 112 100 124 123 122  12  85  95 117  86  43 131  52  85 117 102  29  23  93  17  28   0   5  91  46 106 110  72 101]
[135  89 100  94 103  93 118  49 109  59  86  77  87  54  97 106  33 111  62  87  71 107  95 119 118 117   7  80  90 112  81  38 126  47  80 112  97  24  18  88  12  23   5   0  86  41 101 105  67  96]
[113  67  78  72  81  25  96  37  87  27  18   9  65  32  75  84  53  89  40  65  49  85  73  97  96  95  79  58  68  90  59  58 104  67  58  90  75  74  68  66  74  63  91  86   0  45  79  83  19  74]
[ 94  48  59  53  62  52  77   8  68  18  45  36  46  13  56  65   8  70  21  46  30  66  54  78  77  76  34  39  49  71  40  13  85  22  39  71  56  29  23  47  29  18  46  41  45   0  60  64  26  55]
[ 94  48  59  35  62  86  77  52  68  52  79  70  46  47  24  15  68  70  39  14  30  66  54  78  77  76  94  21  49  71  40  73  85  82  39  71  56  89  83  29  89  78 106 101  79  60   0  64  60   5]
[ 66  52  15  57  34  90  13  56  40  56  83  74  18  51  60  69  72   6  43  50  34  22  10  34  13  48  98  43  33  43  24  77  57  86  43  27  28  93  87  51  93  82 110 105  83  64  64   0  64  59]
[ 94  48  59  53  62  26  77  18  68   8  19  10  46  13  56  65  34  70  21  46  30  66  54  78  77  76  60  39  49  71  40  39  85  48  39  71  56  55  49  47  55  44  72  67  19  26  60  64   0  55]
[ 89  43  54  30  57  81  72  47  63  47  74  65  41  42  19  10  63  65  34   9  25  61  49  73  72  71  89  16  44  66  35  68  80  77  34  66  51  84  78  24  84  73 101  96  74  55   5  59  55   0]
Eccentricity:
[140, 94, 105, 99, 108, 120, 123, 86, 114, 86, 113, 104, 92, 81, 102, 111, 102, 116, 73, 92, 76, 112, 100, 124, 123, 122, 128, 85, 95, 117, 86, 107, 131, 116, 85, 117, 102, 123, 117, 93, 123, 112, 140, 135, 113, 94, 106, 110, 94, 101]
D = 140
R = 73
Z = [19]
P = [1, 43]
