deg+ = [2, 3, 7, 1, 2, 6, 4, 4, 8, 3, 2, 7, 4, 7, 6, 5, 7, 4, 4, 3, 5, 2, 2, 7, 2]
deg- = [3, 8, 7, 2, 10, 2, 3, 3, 7, 3, 6, 1, 3, 2, 2, 3, 1, 4, 3, 4, 6, 5, 7, 7, 5]
Distancies:
[ 0 43 15 42 40 11 24 24 37 29 22 41 16 28 19 30 27 45 26 29 34 49 33 32 18]
[ 6  0 14 45 26 17 23 20 23 32 25  8 19 27 22 26  6 20 12 18 25  8 32 34 24]
[38 32  0 31 25 21  9 13 22 18 11 26  5 13  8 19 16 30 15 15 19 34 18 21 26]
[38 39 12  0 20  8 21 25 17  5 23 21 17 25 20 28 28 26 27 27 31 46 30 28 33]
[18 19 19 37  0 15 17 20 19 12 17 16 24 12 27 20 11 14 31 34 30 27 15  8 13]
[42 36  4 35 29  0 13 17 26 22 15 30  9 17 12 20 20 34 19 19 23 38 22 25 30]
[33 27 25 45 16 26  0 14 13 28 25 32 18  4 19 20 17 21 26 29 28 35  9 16 21]
[36 37 11 42 18 32 20  0 15 29 22 29 16 24 19  6  3 24 26 26 22 37 29 26 31]
[21 22 22 40  3 18  8 13  0 15 20 19  5 12  8 19 14  9 15 18 29 30 17 11 16]
[33 34  7 38 15  3 16 20 12  0 18 16 12 20 15 23 23 21 22 22 26 41 25 23 28]
[40 35  5 20 22 10 14 18 19  7  0 21 10 18 13 24 21 28 20 20 24 39 23 24 29]
[56 57 35 66 38 31 43 48 35 50 46  0 40 47 38 51 49 44 24 48 54 65 52 46 51]
[33 27 19 45 24 17 28  8 21 32 25 35  0 21  3 14 11 30 10 13 30 35 23 16 21]
[29 23 21 41 12 22 17 10  9 24 21 28 14  0 17 16 13 17 24 27 24 31  5 12 17]
[39 38 18 49 21 14 26 31 18 33 29 35 23 30  0 34 20 27  7 10 37 46 34 27 32]
[30 31 31 49 12 27 17 22  9 24 29 28 14 21 17  0 23 18 24 27 38 39 26 20 25]
[54 48 38 69 39 38 44 49 36 51 49 26 41 48 24 55  0 45 31 34 19 34 53 47 52]
[24 18 20 51 20 16 25 30 17 32 31 26 22 29 25 36 24  0 30 35 20 26 34 28 33]
[32 33 11 42 14  7 19 24 11 26 22 30 16 23 14 27 25 20  0 24 30 41 28 22 27]
[34 28 31 46 31 36 36 29 28 33 26 25 33 22 34 24 10 36 40  0 29 36 24 17 22]
[35 29 19 50 20 19 25 30 17 32 30  7 22 29  5 36 20 26 12 15  0 15 34 28 33]
[20 14 23 54 21 31 32 30 29 33 34 22 28 20 31 34 20 34 26 10 39  0 25 27 32]
[24 18 16 36  7 17 12  5  4 19 16 23  9 12 12 11  8 12 19 22 19 26  0  7 12]
[17 11 14 29 14 19 19 12 11 16  9 19 16  5 19 13  6 19 23 29 23 19  7  0  5]
[44 39  9 24 26 14 18 22 23 11  4 25 14 17 17 28 25 32 24 24 18 33 22 28  0]
Eccentricity: [49, 45, 38, 46, 37, 42, 45, 42, 40, 41, 40, 66, 45, 41, 49, 49, 69, 51, 42, 46, 50, 54, 36, 29, 44]
