deg = [8, 9, 7, 9, 13, 3, 8, 8, 4, 5, 10, 7, 6, 9, 6, 6, 6, 6, 6, 5, 8, 7, 9, 8, 8, 6, 11, 14, 3, 3, 9, 4, 3, 6, 6, 5, 10, 5, 8, 10, 8, 7, 8, 8, 7, 5, 10, 8, 9, 6]
Distancies:
[ 0 15 16 18  7  6 13 10 12 19 15 17 16 15 21  5 21 18 19 17 16 15 10 15 12 17  9 14 20 18 15  9 22 15 17 17 15 17 14 16 14  9 12 19 15 22 18 16 17 20]
[15  0 16  6 11 21 11 17 17 12 12 14 16 12 15 19 18 15 13 13  8 11 17 16  6 17  6 10  5 20 13 18 18 15 15 17 12 18 11 11 18 18 12 16  9 17  8 11 13  5]
[16 16  0 13  9 15 15 15 22 13 17 21 22 18 17 21 14 20 13 15  8 17 21 16 14 14 13 13 20 19 12 14 18 22 20 18 17 19  8  8  7 20 14 13 18 14 10 16  8 18]
[18  6 13  0 11 20 14 14 11 13 14 15 18 14 12 17 13 16 12 15  5 15 11 20 12 11  9 10 11 17 10 12 21  9  9 11  6 16 12  5 12 12  6 10 15 11 14 15  7 11]
[ 7 11  9 11  0 13  6  7 18 20  8 13 13  9 22 12 15 11 12 14 10  8 12 15  5 10 11  7 16 20 13 16 15 17 13 10 17 10 16 10 16 11  5 15 14 15 16 13 14 14]
[ 6 21 15 20 13  0 19 16 18 25 21 23 22 18 24 11 15 18 19 23 22 21 16  9 18 23 15 20 26 20 13 15 28 21 23 23 18 23 20 15  8 15 18 20 21 21 24 16 19 22]
[13 11 15 14  6 19  0 13 16 15 12 19 19 11 17  9 18  5 13 13 12 14  6 14  6 16  5 12 16 22  7 19 19 11 13 15 11 16 10 12 12 14 11 10 17 15 14 14 13 16]
[10 17 15 14  7 16 13  0 17 13  8 19 18  8 18 15 19 15 12 14 17 15  7 13 12  8 14 14 20 23 13 19 20 12 13 17 12 13 12 17 18 18 12 16 21 20 14  6  7 12]
[12 17 22 11 18 18 16 17  0 13 16  5  7 14 11  7 12 21 23 17 16 10 10 20 22 22 20 15 14 16 17 21 17 14 11 14  5 22 18 16 15 12 17 18 17 19 14 19 18 16]
[19 12 13 13 20 25 15 13 13  0 14  8 18 16 10 20 13 19 11 18 17 13 20 21 18 11 10 20  7 15 12 24 15 17 14 21 16 16  5 17 17 17 16 21 20 19 13 14  6 17]
[15 12 17 14  8 21 12  8 16 14  0 11 20 16 22 20 14 13  7 15 18 15 12 16  6  7 14  6 17 19 16 18 19 17  5 16 16  6  9 11 18 17 11 12 13 15 15 14 12  9]
[17 14 21 15 13 23 19 19  5  8 11  0 10 19 16 12 13 23 18 18 15  5 13 17 17 18 18 16  9 18 20 25 12  9  6 18 10 17 13 18 20  9 15 13 18 23 19 17 14 11]
[16 16 22 18 13 22 19 18  7 18 20 10  0 10  9 12 13 23 25 18 15  5 14 15 18 18 16 18 19 14 16 25 12  9 16 18 12 23 21 21 20  7 13 23 18 23 16 17 22 11]
[15 12 18 14  9 18 11  8 14 16 16 19 10  0 15 16 16 15 17 20 13 15 14  9 14 10  6 13 17 20  6 18 21 19 21 13  9 15 11 11 11 14  8 16 20 14 15 14 12 17]
[21 15 17 12 22 24 17 18 11 10 22 16  9 15  0 18 10 22 19 12 17 14 11 22 21 21 16 16 17  5 20 23 18  8 18 15  6 26 15 17 16 14 18 20 15 20  7 20 14 15]
[ 5 19 21 17 12 11  9 15  7 20 20 12 12 16 18  0 19 14 19 22 20 17 15 13 15 16 14 16 21 14 10 14 24 19 18 16 12 21 19 15 15  5 11 17 10 18 18 20 16 23]
[21 18 14 13 15 15 18 19 12 13 14 13 13 16 10 19  0 15 18 19 18  8 12 16 20 14 13  8 20  5 12 14 15 17 18 16  7 19  8 13  7 14 13 18 15 17 16 18 13 14]
[18 15 20 16 11 18  5 15 21 19 13 23 23 15 22 14 15  0 18 18 16 19 11  9 11 15  9  7 20 20 12 19 24 16 17 15 16 17 14 12 17 16 10 15 14 16 16  9 17 15]
[19 13 13 12 12 19 13 12 23 11  7 18 25 17 19 19 18 18  0 16 17 20 19 10  7 14 15 13 18 23 11 21 20 18 12 13 18 13 10 14 16 18 17 16  9  8 12 13  5 16]
[17 13 15 15 14 23 13 14 17 18 15 18 18 20 12 22 19 18 16  0 10 13  7 19  9 22 14 14 18 17 18 26  6 12 14 21 12 21 16 19 22 25 19 16 13 23  5 16 12 13]
[16  8  8  5 10 22 12 17 16 17 18 15 15 13 17 20 18 16 17 10  0 10 16 22 14 16  7 15 13 22 10 17 16 14 14 16 11 20 12 10 15 17 11 15 17 16 15 19 12 13]
[15 11 17 15  8 21 14 15 10 13 15  5  5 15 14 17  8 19 20 13 10  0 18 19 13 18 17 15 14 13 20 22  7 14 11 18 15 18 16 18 15 12 13 18 20 23 14 12 19  6]
[10 17 21 11 12 16  6  7 10 20 12 13 14 14 11 15 12 11 19  7 16 18  0 16 12 15 11 15 22 16 13 19 13  5  7 14  5 16 16 14 15 19 17  9 14 19 12  9 14 15]
[15 16 16 20 15  9 14 13 20 21 16 17 15  9 22 13 16  9 10 19 22 19 16  0 10 19 15 16 21 17 14 16 25 21 21 19 18 15 20 16  9  8 14 20 19 18 21  7 15 13]
[12  6 14 12  5 18  6 12 22 18  6 17 18 14 21 15 20 11  7  9 14 13 12 10  0 13 11 12 11 25 13 21 15 17 11 15 17 12 15 15 18 16 10 10 15 15 14 17 12 11]
[17 17 14 11 10 23 16  8 22 11  7 18 18 10 21 16 14 15 14 22 16 18 15 19 13  0 11 10 18 19 16 19 16 20 12 10 17  5  6 15 21 11  5 12 17 15 18 13 11 16]
[ 9  6 13  9 11 15  5 14 20 10 14 18 16  6 16 14 13  9 15 14  7 17 11 15 11 11  0 14 11 18  7 16 15 16 18 19 15 16  5  9 12 18 14 14 15 15  9 17 10 11]
[14 10 13 10  7 20 12 14 15 20  6 16 18 13 16 16  8  7 13 14 15 15 15 16 12 10 14  0 15 13 10 12 20 16 10 10 10 12 15  5 12 11  5 10  7  9  9 10 16 10]
[20  5 20 11 16 26 16 20 14  7 17  9 19 17 17 21 20 20 18 18 13 14 22 21 11 18 11 15  0 22 18 23 21 18 15 22 17 23 12 16 23 18 17 21 14 22 13 16 13 10]
[18 20 19 17 20 20 22 23 16 15 19 18 14 20  5 14  5 20 23 17 22 13 16 17 25 19 18 13 22  0 17 19 20 13 23 20 11 24 13 18 12  9 15 23 20 22 12 23 18 19]
[15 13 12 10 13 13  7 13 17 12 16 20 16  6 20 10 12 12 11 18 10 20 13 14 13 16  7 10 18 17  0 12 21 18 17 13 15 17 11  5  5 15 14 10 17  8 13 14  6 18]
[ 9 18 14 12 16 15 19 19 21 24 18 25 25 18 23 14 14 19 21 26 17 22 19 16 21 19 16 12 23 19 12  0 29 21 19  9 17 19 21  7  7 18 14 12 19 13 21 22 18 22]
[22 18 18 21 15 28 19 20 17 15 19 12 12 21 18 24 15 24 20  6 16  7 13 25 15 16 15 20 21 20 21 29  0 18 18 25 18 21 10 24 22 19 20 22 19 28 11 19 15 13]
[15 15 22  9 17 21 11 12 14 17 17  9  9 19  8 19 17 16 18 12 14 14  5 21 17 20 16 16 18 13 18 21 18  0 12 19 10 21 21 14 20 16 15 14  9 20 15 14 16 20]
[17 15 20  9 13 23 13 13 11 14  5  6 16 21 18 18 18 17 12 14 14 11  7 21 11 12 18 10 15 23 17 19 18 12  0 12 12 11 14 12 19 15 15  7 14 17 19 16 16 14]
[17 17 18 11 10 23 15 17 14 21 16 18 18 13 15 16 16 15 13 21 16 18 14 19 15 10 19 10 22 20 13  9 25 19 12  0  9 12 16 10 16 11  5  5 12  5 18 20 18 20]
[15 12 17  6 17 18 11 12  5 16 16 10 12  9  6 12  7 16 18 12 11 15  5 18 17 17 15 10 17 11 15 17 18 10 12  9  0 21 15 11 10 17 12 14 17 14  9 14 13 17]
[17 18 19 16 10 23 16 13 22 16  6 17 23 15 26 21 19 17 13 21 20 18 16 15 12  5 16 12 23 24 17 19 21 21 11 12 21  0 11 12 19 16 10  7 14 17 21  8 16 14]
[14 11  8 12 16 20 10 12 18  5  9 13 21 11 15 19  8 14 10 16 12 16 16 20 15  6  5 15 12 13 11 21 10 21 14 16 15 11  0 14 15 17 11 18 19 18 12 13  5 16]
[16 11  8  5 10 15 12 17 16 17 11 18 21 11 17 15 13 12 14 19 10 18 14 16 15 15  9  5 16 18  5  7 24 14 12 10 11 12 14  0  7 16 10  5 12  6 14 15 11 15]
[14 18  7 12 16  8 12 18 15 17 18 20 20 11 16 15  7 17 16 22 15 15 15  9 18 21 12 12 23 12  5  7 22 20 19 16 10 19 15  7  0 17 17 12 19 13 17 16 11 21]
[ 9 18 20 12 11 15 14 18 12 17 17  9  7 14 14  5 14 16 18 25 17 12 19  8 16 11 18 11 18  9 15 18 19 16 15 11 17 16 17 16 17  0  6 16 15 16 20 15 19 18]
[12 12 14  6  5 18 11 12 17 16 11 15 13  8 18 11 13 10 17 19 11 13 17 14 10  5 14  5 17 15 14 14 20 15 15  5 12 10 11 10 17  6  0 10 12 10 14 15 13 15]
[19 16 13 10 15 20 10 16 18 21 12 13 23 16 20 17 18 15 16 16 15 18  9 20 10 12 14 10 21 23 10 12 22 14  7  5 14  7 18  5 12 16 10  0  7 10 15 15 16 20]
[15  9 18 15 14 21 17 21 17 20 13 18 18 20 15 10 15 14  9 13 17 20 14 19 15 17 15  7 14 20 17 19 19  9 14 12 17 14 19 12 19 15 12  7  0 16  8 17 14 14]
[22 17 14 11 15 21 15 20 19 19 15 23 23 14 20 18 17 16  8 23 16 23 19 18 15 15 15  9 22 22  8 13 28 20 17  5 14 17 18  6 13 16 10 10 16  0 18 19 13 19]
[18  8 10 14 16 24 14 14 14 13 15 19 16 15  7 18 16 16 12  5 15 14 12 21 14 18  9  9 13 12 13 21 11 15 19 18  9 21 12 14 17 20 14 15  8 18  0 14  7  8]
[16 11 16 15 13 16 14  6 19 14 14 17 17 14 20 20 18  9 13 16 19 12  9  7 17 13 17 10 16 23 14 22 19 14 16 20 14  8 13 15 16 15 15 15 17 19 14  0  8  6]
[17 13  8  7 14 19 13  7 18  6 12 14 22 12 14 16 13 17  5 12 12 19 14 15 12 11 10 16 13 18  6 18 15 16 16 18 13 16  5 11 11 19 13 16 14 13  7  8  0 14]
[20  5 18 11 14 22 16 12 16 17  9 11 11 17 15 23 14 15 16 13 13  6 15 13 11 16 11 10 10 19 18 22 13 20 14 20 17 14 16 15 21 18 15 20 14 19  8  6 14  0]
Eccentricity:
[22, 21, 22, 21, 22, 28, 22, 23, 23, 25, 22, 25, 25, 21, 26, 24, 21, 24, 25, 26, 22, 23, 22, 25, 25, 23, 20, 20, 26, 25, 21, 29, 29, 22, 23, 25, 21, 26, 21, 24, 23, 25, 20, 23, 21, 28, 24, 23, 22, 23]
D = 29
R = 20
Z = [27, 28, 43]
P = [32, 33]
