1 8 24 
1 19 23 
1 25 24 
1 30 4 
1 42 13 
2 22 22 
2 40 17 
2 47 20 
2 48 5 
3 31 25 
3 46 4 
5 40 11 
5 42 7 
6 15 4 
6 16 24 
7 34 18 
7 49 13 
9 22 25 
9 27 3 
9 40 22 
10 7 16 
10 35 18 
12 41 16 
13 25 24 
13 26 10 
13 27 10 
13 48 14 
14 7 18 
14 47 22 
15 41 16 
16 1 3 
16 33 6 
16 34 14 
16 46 14 
16 49 7 
17 31 4 
18 24 12 
18 45 20 
19 26 20 
19 32 25 
19 48 12 
20 11 19 
20 30 19 
20 44 14 
20 45 20 
21 18 12 
21 43 9 
21 46 3 
23 38 18 
23 45 8 
24 1 9 
24 8 10 
24 13 15 
24 36 6 
24 50 22 
25 1 21 
25 6 11 
25 33 13 
25 48 11 
26 1 16 
26 6 9 
26 43 24 
28 2 12 
28 14 4 
28 15 18 
28 29 14 
28 35 18 
28 43 24 
28 44 13 
29 39 8 
30 5 18 
30 37 15 
31 8 23 
31 24 20 
31 50 15 
32 22 7 
33 10 7 
33 49 25 
34 1 22 
34 24 11 
34 41 20 
35 3 19 
35 7 9 
35 19 8 
35 31 17 
35 43 14 
35 45 7 
35 50 6 
36 18 8 
36 26 15 
37 6 17 
37 15 12 
38 2 8 
39 14 19 
39 37 17 
39 38 5 
39 47 3 
39 48 3 
40 10 13 
40 34 10 
40 42 20 
40 49 11 
41 15 10 
41 17 15 
41 19 17 
42 1 9 
42 9 4 
42 30 11 
42 48 19 
42 49 18 
43 10 25 
44 24 6 
44 35 17 
44 47 8 
45 22 8 
45 35 3 
46 5 14 
46 39 16 
47 26 3 
47 41 17 
47 49 3 
47 50 10 
48 13 15 
49 7 15 
50 2 22 
50 13 17 
50 16 9 
