1 15 7
2 3 7
2 10 15
2 27 6
3 2 7
3 10 9
4 6 9
5 17 13
6 4 9
6 9 6
6 13 8
6 16 5
6 30 9
7 11 6
7 28 7
8 14 5
9 6 6
9 15 9
9 19 10
10 2 15
10 3 9
11 7 6
11 24 10
12 13 7
12 20 10
12 23 9
13 6 8
13 12 7
13 14 9
14 8 5
14 13 9
14 15 9
14 22 7
15 1 7
15 9 9
15 14 9
15 30 8
16 6 5
16 19 5
16 22 9
17 5 13
17 29 8
18 29 4
19 9 10
19 16 5
20 12 10
20 24 10
21 22 6
21 30 8
22 14 7
22 16 9
22 21 6
23 12 9
24 11 10
24 20 10
25 29 12
26 30 6
27 2 6
28 7 7
29 17 8
29 18 4
29 25 12
30 6 9
30 15 8
30 21 8
30 26 6
