1 33 9
2 35 9
3 22 7
3 23 5
4 40 6
5 9 6
5 30 9
5 37 6
6 11 7
7 18 7
8 14 5
8 46 8
9 5 6
9 26 8
10 14 5
10 49 8
11 6 7
11 12 9
12 11 9
12 45 9
12 49 10
13 23 8
13 31 6
13 37 10
14 8 5
14 10 5
14 19 8
15 20 10
16 50 10
17 32 5
17 42 10
17 46 8
18 7 7
18 25 7
18 48 6
19 14 8
19 21 9
20 15 10
20 28 7
20 50 9
21 19 9
21 28 9
21 31 10
21 35 9
22 3 7
22 36 5
23 3 5
23 13 8
23 48 10
24 36 7
25 18 7
26 9 8
26 33 9
27 41 5
27 44 7
28 20 7
28 21 9
28 40 8
29 31 9
30 5 9
31 13 6
31 21 10
31 29 9
32 17 5
32 34 9
33 1 9
33 26 9
34 32 9
35 2 9
35 21 9
36 22 5
36 24 7
37 5 6
37 13 10
38 39 6
39 38 6
39 41 6
39 42 5
40 4 6
40 28 8
41 27 5
41 39 6
42 17 10
42 39 5
43 44 5
44 27 7
44 43 5
45 12 9
46 8 8
46 17 8
47 50 5
48 18 6
48 23 10
49 10 8
49 12 10
50 16 10
50 20 9
50 47 5
