1 5 7
1 6 6
1 8 10
1 16 5
1 23 10
1 27 9
1 32 9
1 42 9
2 4 6
2 21 8
2 25 6
2 27 6
2 28 10
2 29 5
2 45 9
2 47 8
2 50 5
3 5 9
3 21 8
3 39 8
3 40 8
3 41 7
3 47 10
3 49 8
4 2 6
4 21 5
4 27 9
4 34 9
4 35 9
4 37 6
4 40 5
4 43 6
4 49 7
5 1 7
5 3 9
5 7 6
5 8 7
5 11 8
5 14 9
5 21 10
5 22 8
5 25 5
5 28 7
5 38 10
5 40 10
5 43 5
6 1 6
6 24 9
6 41 8
7 5 6
7 16 9
7 18 5
7 23 6
7 25 6
7 27 5
7 31 7
7 44 10
8 1 10
8 5 7
8 11 8
8 14 8
8 23 7
8 26 8
8 48 6
8 49 7
9 12 5
9 13 7
9 16 7
9 37 5
10 12 8
10 15 10
10 29 7
10 39 5
10 49 6
11 5 8
11 8 8
11 19 7
11 25 6
11 26 7
11 28 6
11 35 5
11 38 6
11 39 9
11 50 9
12 9 5
12 10 8
12 22 5
12 29 9
12 34 9
12 35 6
12 42 9
13 9 7
13 14 10
13 15 9
13 22 5
13 34 9
13 42 7
14 5 9
14 8 8
14 13 10
14 24 9
14 26 10
14 27 6
14 31 6
14 37 9
14 43 8
15 10 10
15 13 9
15 30 5
15 34 8
15 37 6
15 47 7
16 1 5
16 7 9
16 9 7
16 31 10
16 42 5
16 45 10
17 22 8
17 28 8
17 30 5
17 37 7
17 39 8
17 41 7
18 7 5
18 24 9
18 27 9
18 28 7
18 43 10
18 48 9
19 11 7
19 24 10
19 25 7
19 45 9
19 46 8
19 49 5
20 21 10
20 23 7
20 25 9
20 33 6
20 47 5
21 2 8
21 3 8
21 4 5
21 5 10
21 20 10
21 22 10
21 27 7
21 31 10
22 5 8
22 12 5
22 13 5
22 17 8
22 21 10
22 33 7
22 50 6
23 1 10
23 7 6
23 8 7
23 20 7
23 34 5
23 35 7
23 37 5
23 44 9
23 48 9
24 6 9
24 14 9
24 18 9
24 19 10
24 25 10
24 41 9
24 42 8
24 48 7
25 2 6
25 5 5
25 7 6
25 11 6
25 19 7
25 20 9
25 24 10
25 44 10
26 8 8
26 11 7
26 14 10
26 38 5
26 39 6
26 43 5
27 1 9
27 2 6
27 4 9
27 7 5
27 14 6
27 18 9
27 21 7
27 31 7
27 39 5
27 40 9
27 47 9
28 2 10
28 5 7
28 11 6
28 17 8
28 18 7
28 35 10
28 37 10
28 40 5
28 43 5
28 45 7
28 46 9
28 47 9
28 48 10
28 50 10
29 2 5
29 10 7
29 12 9
30 15 5
30 17 5
30 42 9
31 7 7
31 14 6
31 16 10
31 21 10
31 27 7
31 40 5
31 41 5
31 46 8
31 49 6
32 1 9
32 36 9
32 40 7
32 41 7
33 20 6
33 22 7
33 39 10
34 4 9
34 12 9
34 13 9
34 15 8
34 23 5
34 45 9
35 4 9
35 11 5
35 12 6
35 23 7
35 28 10
35 44 7
36 32 9
36 37 9
36 43 5
36 44 5
36 46 5
37 4 6
37 9 5
37 14 9
37 15 6
37 17 7
37 23 5
37 28 10
37 36 9
37 41 10
37 47 9
38 5 10
38 11 6
38 26 5
38 44 7
38 48 8
39 3 8
39 10 5
39 11 9
39 17 8
39 26 6
39 27 5
39 33 10
39 49 5
40 3 8
40 4 5
40 5 10
40 27 9
40 28 5
40 31 5
40 32 7
40 41 7
40 44 5
40 46 6
41 3 7
41 6 8
41 17 7
41 24 9
41 31 5
41 32 7
41 37 10
41 40 7
42 1 9
42 12 9
42 13 7
42 16 5
42 24 8
42 30 9
42 43 6
43 4 6
43 5 5
43 14 8
43 18 10
43 26 5
43 28 5
43 36 5
43 42 6
44 7 10
44 23 9
44 25 10
44 35 7
44 36 5
44 38 7
44 40 5
44 45 7
45 2 9
45 16 10
45 19 9
45 28 7
45 34 9
45 44 7
45 47 8
46 19 8
46 28 9
46 31 8
46 36 5
46 40 6
47 2 8
47 3 10
47 15 7
47 20 5
47 27 9
47 28 9
47 37 9
47 45 8
47 49 7
47 50 8
48 8 6
48 18 9
48 23 9
48 24 7
48 28 10
48 38 8
48 49 8
48 50 6
49 3 8
49 4 7
49 8 7
49 10 6
49 19 5
49 31 6
49 39 5
49 47 7
49 48 8
50 2 5
50 11 9
50 22 6
50 28 10
50 47 8
50 48 6
