8 50 27 2 45 
32 1 5 7 15 29 
33 2 15 
48 34 26 14 
1 42 4 30 15 
16 25 42 11 
17 42 35 44 
48 4 10 28 13 
1 7 11 46 48 17 28 
17 30 25 
17 43 28 41 15 
16 26 20 21 
34 5 29 
18 41 42 10 2 
40 18 29 45 
46 
8 26 28 30 
33 2 21 47 
40 49 29 
19 27 39 
33 3 44 45 43 
32 33 6 12 45 19 
24 
18 43 21 45 
34 4 8 43 48 27 
24 9 43 15 
6 14 
50 36 10 
34 41 42 15 17 24 
33 34 5 38 
33 36 38 9 23 27 
12 42 28 
2 
17 42 27 44 13 
4 38 7 11 14 21 
50 35 45 46 
48 1 43 21 17 
3 5 42 43 12 14 17 50 21 46 
17 26 47 
48 24 21 30 15 
33 2 36 37 21 31 
15 36 5 38 31 
16 19 12 13 14 
40 19 37 38 47 
40 1 39 28 31 
32 17 10 19 22 
25 36 31 
9 13 19 21 41 25 
34 35 31 
48 26 19 7 
