1 2
1 13
1 27
1 31
1 44
2 1
3 18
4 6
4 23
4 33
5 41
6 4
6 16
6 43
6 48
7 35
7 50
8 17
9 45
9 50
10 29
11 32
12 14
13 1
14 12
14 50
15 35
16 6
17 8
17 19
17 25
17 44
18 3
18 39
18 40
19 17
19 41
19 46
19 47
20 35
21 22
21 46
22 21
22 40
22 41
23 4
23 26
23 34
23 36
23 37
24 25
25 17
25 24
26 23
26 46
27 1
28 31
29 10
29 44
30 37
31 1
31 28
32 11
32 36
33 4
33 42
34 23
35 7
35 15
35 20
36 23
36 32
37 23
37 30
37 38
38 37
39 18
40 18
40 22
40 41
41 5
41 19
41 22
41 40
41 45
42 33
43 6
44 1
44 17
44 29
45 9
45 41
46 19
46 21
46 26
47 19
47 49
48 6
49 47
50 7
50 9
50 14
