1 2 28
1 3 20
1 4 8
1 5 17
1 6 6
1 7 21
1 13 5
1 15 28
1 20 30
1 24 20
1 25 21
1 27 29
1 28 7
1 30 14
1 31 16
1 32 15
1 33 20
1 36 6
1 38 13
1 40 18
1 41 22
1 43 7
1 44 24
1 45 6
1 47 14
1 48 5
1 50 12
2 1 28
2 4 13
2 6 21
2 7 15
2 10 22
2 11 30
2 12 10
2 15 18
2 16 10
2 18 16
2 20 14
2 21 14
2 22 16
2 23 27
2 24 13
2 25 20
2 26 28
2 28 14
2 31 28
2 32 11
2 33 22
2 34 18
2 36 20
2 37 7
2 38 18
2 44 28
2 45 23
2 47 14
2 48 21
2 50 20
3 1 20
3 6 12
3 7 13
3 13 23
3 16 7
3 21 19
3 22 9
3 23 8
3 27 17
3 30 9
3 31 11
3 32 27
3 33 8
3 34 29
3 35 20
3 36 21
3 38 12
3 40 9
3 42 24
3 44 15
3 45 11
3 47 10
3 48 8
3 49 24
4 1 8
4 2 13
4 5 24
4 6 22
4 8 22
4 12 18
4 15 24
4 16 22
4 17 5
4 18 17
4 20 10
4 22 26
4 28 9
4 29 13
4 33 25
4 35 22
4 36 17
4 39 17
4 40 29
4 41 10
4 43 23
4 46 13
4 50 13
5 1 17
5 4 24
5 6 18
5 7 25
5 10 21
5 13 30
5 14 20
5 15 19
5 19 30
5 21 15
5 22 15
5 23 8
5 25 20
5 26 17
5 29 23
5 31 24
5 32 10
5 33 14
5 34 23
5 36 28
5 38 21
5 42 27
5 43 21
5 44 19
5 45 12
5 48 22
5 49 14
5 50 7
6 1 6
6 2 21
6 3 12
6 4 22
6 5 18
6 8 16
6 9 18
6 10 15
6 12 23
6 15 20
6 16 26
6 17 21
6 18 15
6 21 11
6 23 6
6 24 11
6 25 23
6 29 9
6 31 16
6 32 19
6 33 22
6 35 30
6 36 9
6 41 7
6 43 17
6 44 5
6 45 13
6 46 20
6 48 21
6 50 15
7 1 21
7 2 15
7 3 13
7 5 25
7 9 27
7 12 8
7 14 15
7 15 8
7 16 22
7 19 17
7 20 13
7 21 20
7 23 5
7 24 29
7 25 21
7 26 5
7 27 11
7 28 29
7 30 6
7 32 21
7 33 12
7 38 14
7 41 18
7 44 27
7 48 19
7 49 9
8 4 22
8 6 16
8 9 8
8 11 28
8 13 5
8 15 10
8 17 12
8 18 8
8 22 11
8 25 24
8 27 27
8 28 22
8 30 13
8 38 14
8 40 27
8 41 6
8 42 24
8 43 13
8 45 22
8 47 13
8 48 6
8 49 6
9 6 18
9 7 27
9 8 8
9 12 6
9 15 28
9 16 5
9 17 19
9 19 8
9 21 16
9 25 10
9 26 28
9 28 21
9 30 22
9 31 6
9 32 11
9 34 22
9 35 26
9 36 15
9 37 16
9 39 9
9 42 19
9 43 5
9 45 29
9 47 24
9 50 9
10 2 22
10 5 21
10 6 15
10 13 15
10 14 16
10 15 30
10 16 10
10 18 17
10 19 13
10 21 16
10 22 27
10 23 24
10 26 19
10 28 10
10 29 15
10 30 8
10 34 25
10 36 13
10 37 15
10 39 22
10 40 29
10 43 14
10 45 15
10 49 24
11 2 30
11 8 28
11 13 21
11 16 29
11 19 8
11 20 18
11 22 19
11 24 8
11 25 21
11 26 15
11 27 23
11 29 21
11 30 19
11 33 28
11 34 12
11 35 14
11 36 6
11 37 23
11 38 9
11 40 26
11 41 7
11 45 25
11 47 5
11 48 11
11 50 6
12 2 10
12 4 18
12 6 23
12 7 8
12 9 6
12 16 7
12 17 18
12 19 17
12 20 26
12 27 11
12 28 14
12 29 27
12 30 25
12 33 5
12 36 30
12 37 29
12 38 21
12 39 28
12 40 7
12 43 26
12 45 20
12 48 30
12 49 9
13 1 5
13 3 23
13 5 30
13 8 5
13 10 15
13 11 21
13 16 25
13 18 18
13 19 24
13 21 22
13 22 9
13 23 16
13 28 20
13 30 20
13 32 27
13 35 5
13 44 5
13 48 13
14 5 20
14 7 15
14 10 16
14 15 17
14 16 28
14 18 19
14 19 15
14 20 18
14 24 26
14 25 8
14 27 23
14 28 22
14 29 26
14 30 26
14 33 6
14 35 5
14 38 7
14 41 20
14 42 11
14 46 16
14 48 14
15 1 28
15 2 18
15 4 24
15 5 19
15 6 20
15 7 8
15 8 10
15 9 28
15 10 30
15 14 17
15 17 29
15 22 29
15 26 7
15 27 30
15 28 21
15 30 21
15 33 28
15 36 7
15 38 8
15 40 15
15 43 24
15 44 7
15 46 12
15 48 25
15 50 20
16 2 10
16 3 7
16 4 22
16 6 26
16 7 22
16 9 5
16 10 10
16 11 29
16 12 7
16 13 25
16 14 28
16 18 28
16 22 23
16 25 10
16 26 7
16 27 16
16 29 11
16 31 30
16 33 15
16 34 14
16 35 8
16 37 16
16 38 18
16 39 14
16 41 14
16 44 14
16 47 16
16 49 9
17 4 5
17 6 21
17 8 12
17 9 19
17 12 18
17 15 29
17 18 24
17 19 25
17 23 22
17 24 25
17 25 18
17 27 25
17 28 30
17 32 9
17 33 30
17 38 29
17 40 7
17 43 18
17 45 10
17 47 13
17 49 25
18 2 16
18 4 17
18 6 15
18 8 8
18 10 17
18 13 18
18 14 19
18 16 28
18 17 24
18 19 28
18 20 28
18 23 16
18 26 8
18 31 6
18 32 24
18 34 21
18 35 6
18 37 25
18 38 24
18 39 21
18 40 20
18 41 28
18 42 26
18 47 6
18 48 27
18 49 23
19 5 30
19 7 17
19 9 8
19 10 13
19 11 8
19 12 17
19 13 24
19 14 15
19 17 25
19 18 28
19 21 27
19 24 17
19 25 26
19 26 28
19 28 15
19 32 26
19 33 8
19 37 14
19 38 21
19 39 26
19 40 13
19 41 13
19 42 25
19 43 23
19 46 25
19 49 27
19 50 7
20 1 30
20 2 14
20 4 10
20 7 13
20 11 18
20 12 26
20 14 18
20 18 28
20 21 14
20 23 22
20 25 28
20 29 9
20 30 23
20 31 8
20 32 6
20 33 17
20 34 20
20 35 19
20 39 12
20 40 12
20 41 6
20 43 8
20 44 22
20 46 14
20 50 7
21 2 14
21 3 19
21 5 15
21 6 11
21 7 20
21 9 16
21 10 16
21 13 22
21 19 27
21 20 14
21 25 24
21 26 20
21 30 16
21 33 17
21 35 24
21 36 9
21 37 13
21 38 21
21 42 13
21 46 13
22 2 16
22 3 9
22 4 26
22 5 15
22 8 11
22 10 27
22 11 19
22 13 9
22 15 29
22 16 23
22 23 20
22 24 9
22 25 10
22 28 21
22 29 6
22 30 13
22 31 17
22 32 28
22 35 27
22 36 24
22 38 7
22 39 28
22 41 13
22 42 27
22 43 11
22 44 18
22 47 27
22 49 27
22 50 27
23 2 27
23 3 8
23 5 8
23 6 6
23 7 5
23 10 24
23 13 16
23 17 22
23 18 16
23 20 22
23 22 20
23 24 6
23 29 19
23 31 12
23 32 23
23 33 20
23 39 9
23 41 18
23 43 30
23 44 8
23 45 23
23 46 21
23 48 23
24 1 20
24 2 13
24 6 11
24 7 29
24 11 8
24 14 26
24 17 25
24 19 17
24 22 9
24 23 6
24 26 28
24 28 12
24 31 24
24 32 7
24 34 7
24 35 27
24 36 11
24 37 29
24 39 27
24 41 17
24 43 17
24 44 5
24 49 30
25 1 21
25 2 20
25 5 20
25 6 23
25 7 21
25 8 24
25 9 10
25 11 21
25 14 8
25 16 10
25 17 18
25 19 26
25 20 28
25 21 24
25 22 10
25 27 5
25 31 23
25 32 6
25 36 27
25 38 18
25 40 19
25 42 9
25 44 23
25 45 17
25 50 8
26 2 28
26 5 17
26 7 5
26 9 28
26 10 19
26 11 15
26 15 7
26 16 7
26 18 8
26 19 28
26 21 20
26 24 28
26 28 22
26 29 22
26 31 14
26 32 27
26 34 24
26 35 23
26 36 7
26 38 11
26 40 12
26 41 25
26 42 13
26 43 12
26 44 7
26 45 27
26 47 14
26 49 22
26 50 23
27 1 29
27 3 17
27 7 11
27 8 27
27 11 23
27 12 11
27 14 23
27 15 30
27 16 16
27 17 25
27 25 5
27 28 20
27 29 26
27 30 8
27 32 29
27 38 11
27 39 14
27 40 28
27 41 27
27 43 12
27 47 22
27 50 15
28 1 7
28 2 14
28 4 9
28 7 29
28 8 22
28 9 21
28 10 10
28 12 14
28 13 20
28 14 22
28 15 21
28 17 30
28 19 15
28 22 21
28 24 12
28 26 22
28 27 20
28 29 14
28 32 20
28 33 11
28 35 23
28 36 24
28 37 28
28 39 9
28 40 7
28 41 30
28 43 30
28 45 28
28 46 15
28 47 12
28 49 15
29 4 13
29 5 23
29 6 9
29 10 15
29 11 21
29 12 27
29 14 26
29 16 11
29 20 9
29 22 6
29 23 19
29 26 22
29 27 26
29 28 14
29 34 9
29 36 23
29 39 21
29 41 17
29 43 21
29 45 24
29 47 7
30 1 14
30 3 9
30 7 6
30 8 13
30 9 22
30 10 8
30 11 19
30 12 25
30 13 20
30 14 26
30 15 21
30 20 23
30 21 16
30 22 13
30 27 8
30 31 21
30 33 19
30 34 16
30 36 13
30 44 13
30 45 29
30 46 12
30 49 18
31 1 16
31 2 28
31 3 11
31 5 24
31 6 16
31 9 6
31 16 30
31 18 6
31 20 8
31 22 17
31 23 12
31 24 24
31 25 23
31 26 14
31 30 21
31 32 7
31 33 6
31 34 7
31 36 10
31 37 30
31 38 10
31 39 7
31 44 10
31 45 13
31 46 26
32 1 15
32 2 11
32 3 27
32 5 10
32 6 19
32 7 21
32 9 11
32 13 27
32 17 9
32 18 24
32 19 26
32 20 6
32 22 28
32 23 23
32 24 7
32 25 6
32 26 27
32 27 29
32 28 20
32 31 7
32 34 29
32 35 7
32 36 22
32 39 14
32 45 10
32 46 5
32 47 7
32 48 27
32 49 5
33 1 20
33 2 22
33 3 8
33 4 25
33 5 14
33 6 22
33 7 12
33 11 28
33 12 5
33 14 6
33 15 28
33 16 15
33 17 30
33 19 8
33 20 17
33 21 17
33 23 20
33 28 11
33 30 19
33 31 6
33 34 30
33 35 5
33 36 27
33 37 6
33 38 9
33 41 8
33 44 27
33 47 5
33 48 21
33 50 30
34 2 18
34 3 29
34 5 23
34 9 22
34 10 25
34 11 12
34 16 14
34 18 21
34 20 20
34 24 7
34 26 24
34 29 9
34 30 16
34 31 7
34 32 29
34 33 30
34 36 22
34 38 8
34 39 28
34 40 16
34 42 19
34 43 6
34 45 12
34 46 14
34 48 18
34 49 21
34 50 18
35 3 20
35 4 22
35 6 30
35 9 26
35 11 14
35 13 5
35 14 5
35 16 8
35 18 6
35 20 19
35 21 24
35 22 27
35 24 27
35 26 23
35 28 23
35 32 7
35 33 5
35 36 14
35 38 8
35 39 12
35 40 30
35 41 19
35 44 21
35 46 28
35 47 24
35 48 14
35 49 14
35 50 19
36 1 6
36 2 20
36 3 21
36 4 17
36 5 28
36 6 9
36 9 15
36 10 13
36 11 6
36 12 30
36 15 7
36 21 9
36 22 24
36 24 11
36 25 27
36 26 7
36 28 24
36 29 23
36 30 13
36 31 10
36 32 22
36 33 27
36 34 22
36 35 14
36 39 8
36 40 14
36 41 7
36 42 23
36 43 6
36 45 14
36 46 8
36 47 28
36 48 16
36 49 20
37 2 7
37 9 16
37 10 15
37 11 23
37 12 29
37 16 16
37 18 25
37 19 14
37 21 13
37 24 29
37 28 28
37 31 30
37 33 6
37 40 11
37 42 24
37 43 13
37 44 10
37 45 12
37 46 13
37 48 25
37 49 26
37 50 16
38 1 13
38 2 18
38 3 12
38 5 21
38 7 14
38 8 14
38 11 9
38 12 21
38 14 7
38 15 8
38 16 18
38 17 29
38 18 24
38 19 21
38 21 21
38 22 7
38 25 18
38 26 11
38 27 11
38 31 10
38 33 9
38 34 8
38 35 8
38 39 29
38 40 20
38 44 21
38 45 15
38 47 29
39 4 17
39 9 9
39 10 22
39 12 28
39 16 14
39 18 21
39 19 26
39 20 12
39 22 28
39 23 9
39 24 27
39 27 14
39 28 9
39 29 21
39 31 7
39 32 14
39 34 28
39 35 12
39 36 8
39 38 29
39 50 10
40 1 18
40 3 9
40 4 29
40 8 27
40 10 29
40 11 26
40 12 7
40 15 15
40 17 7
40 18 20
40 19 13
40 20 12
40 25 19
40 26 12
40 27 28
40 28 7
40 34 16
40 35 30
40 36 14
40 37 11
40 38 20
40 43 12
40 44 19
40 47 19
40 50 12
41 1 22
41 4 10
41 6 7
41 7 18
41 8 6
41 11 7
41 14 20
41 16 14
41 18 28
41 19 13
41 20 6
41 22 13
41 23 18
41 24 17
41 26 25
41 27 27
41 28 30
41 29 17
41 33 8
41 35 19
41 36 7
41 44 19
41 46 7
41 47 14
42 3 24
42 5 27
42 8 24
42 9 19
42 14 11
42 18 26
42 19 25
42 21 13
42 22 27
42 25 9
42 26 13
42 34 19
42 36 23
42 37 24
42 44 11
42 45 8
42 49 7
43 1 7
43 4 23
43 5 21
43 6 17
43 8 13
43 9 5
43 10 14
43 12 26
43 15 24
43 17 18
43 19 23
43 20 8
43 22 11
43 23 30
43 24 17
43 26 12
43 27 12
43 28 30
43 29 21
43 34 6
43 36 6
43 37 13
43 40 12
43 44 30
43 47 19
44 1 24
44 2 28
44 3 15
44 5 19
44 6 5
44 7 27
44 13 5
44 15 7
44 16 14
44 20 22
44 22 18
44 23 8
44 24 5
44 25 23
44 26 7
44 30 13
44 31 10
44 33 27
44 35 21
44 37 10
44 38 21
44 40 19
44 41 19
44 42 11
44 43 30
44 45 11
44 46 19
44 48 20
44 50 19
45 1 6
45 2 23
45 3 11
45 5 12
45 6 13
45 8 22
45 9 29
45 10 15
45 11 25
45 12 20
45 17 10
45 23 23
45 25 17
45 26 27
45 28 28
45 29 24
45 30 29
45 31 13
45 32 10
45 34 12
45 36 14
45 37 12
45 38 15
45 42 8
45 44 11
45 47 8
46 4 13
46 6 20
46 14 16
46 15 12
46 19 25
46 20 14
46 21 13
46 23 21
46 28 15
46 30 12
46 31 26
46 32 5
46 34 14
46 35 28
46 36 8
46 37 13
46 41 7
46 44 19
46 48 19
46 49 21
46 50 18
47 1 14
47 2 14
47 3 10
47 8 13
47 9 24
47 11 5
47 16 16
47 17 13
47 18 6
47 22 27
47 26 14
47 27 22
47 28 12
47 29 7
47 32 7
47 33 5
47 35 24
47 36 28
47 38 29
47 40 19
47 41 14
47 43 19
47 45 8
47 49 23
48 1 5
48 2 21
48 3 8
48 5 22
48 6 21
48 7 19
48 8 6
48 11 11
48 12 30
48 13 13
48 14 14
48 15 25
48 18 27
48 23 23
48 32 27
48 33 21
48 34 18
48 35 14
48 36 16
48 37 25
48 44 20
48 46 19
48 50 19
49 3 24
49 5 14
49 7 9
49 8 6
49 10 24
49 12 9
49 16 9
49 17 25
49 18 23
49 19 27
49 22 27
49 24 30
49 26 22
49 28 15
49 30 18
49 32 5
49 34 21
49 35 14
49 36 20
49 37 26
49 42 7
49 46 21
49 47 23
49 50 7
50 1 12
50 2 20
50 4 13
50 5 7
50 6 15
50 9 9
50 11 6
50 15 20
50 19 7
50 20 7
50 22 27
50 25 8
50 26 23
50 27 15
50 33 30
50 34 18
50 35 19
50 37 16
50 39 10
50 40 12
50 44 19
50 46 18
50 48 19
50 49 7
