1 14
2 11
3 8
4 12
4 20
5 42
6 2
6 34
7 9
7 44
8 31
9 16
9 40
9 45
10 2
11 1
12 10
12 18
13 42
13 46
13 50
15 10
15 31
16 4
16 6
16 28
16 29
17 8
17 18
18 4
18 36
19 20
20 8
20 16
20 21
20 36
20 42
20 43
21 11
21 19
21 30
22 7
22 39
23 14
23 19
25 12
25 34
25 47
26 39
27 8
27 11
27 12
27 40
28 6
28 17
28 49
29 12
29 28
30 50
31 26
32 27
32 33
33 7
33 24
34 12
34 20
34 35
34 42
35 25
36 6
36 29
36 43
37 15
37 20
37 32
37 35
39 29
39 31
39 45
40 8
41 3
42 50
43 13
43 26
43 30
44 8
44 21
44 42
45 21
45 26
46 24
46 29
47 10
47 20
47 23
48 18
48 40
49 31
49 35
50 24
50 28
