1 7 3
1 15 15
2 5 12
2 7 3
2 8 5
3 13 7
3 14 10
3 19 15
4 10 12
4 23 3
5 13 14
5 20 11
6 2 12
6 4 9
6 9 3
6 11 13
6 22 14
7 18 4
8 1 4
8 9 6
8 13 2
8 17 14
8 19 5
8 23 11
9 1 11
9 6 3
9 17 15
10 2 11
10 12 5
11 6 8
11 13 15
11 20 9
12 8 9
12 17 12
12 20 3
14 11 3
14 23 10
15 5 5
15 16 6
15 19 12
15 20 3
16 4 2
16 14 2
16 17 8
16 20 12
17 3 8
17 14 12
17 18 3
18 8 4
18 16 13
18 23 10
19 8 7
19 15 14
19 17 5
19 20 2
19 21 2
19 22 14
19 23 13
20 1 3
20 4 5
20 8 2
20 14 13
21 8 9
21 18 7
22 6 4
22 16 12
22 17 7
22 21 9
23 5 7
23 17 12
24 7 25
25 3 8
25 21 4
25 23 11
