1 11 8
1 41 14
2 1 13
2 32 4
3 14 5
3 15 14
3 16 11
3 17 10
3 35 14
3 46 6
4 1 3
4 12 3
4 29 4
6 3 10
6 8 9
6 32 3
7 4 6
7 37 14
8 12 7
8 26 12
8 45 7
8 50 6
9 21 7
9 35 8
9 41 7
10 47 3
11 18 6
11 23 7
12 19 15
12 36 10
13 4 7
13 18 10
13 20 8
13 25 14
13 48 8
14 4 3
14 17 5
14 26 8
15 3 2
15 25 7
16 1 4
16 26 3
17 2 5
17 4 4
17 7 14
17 11 14
17 29 9
18 26 9
18 28 5
18 42 6
19 22 9
19 34 12
19 42 7
19 49 5
20 14 14
20 19 10
20 41 7
21 14 12
21 37 15
21 47 4
21 48 7
22 38 2
22 42 10
23 2 13
23 3 8
23 28 2
23 50 8
24 7 25
24 36 15
25 33 5
26 13 15
26 19 8
26 33 14
27 44 8
27 48 15
28 31 9
29 12 7
29 45 13
30 20 2
30 21 5
30 47 6
31 5 10
31 16 12
31 24 10
31 32 14
32 15 10
32 17 2
32 28 13
32 36 13
32 40 15
33 23 9
33 31 14
33 34 15
33 39 8
33 46 2
34 2 2
34 25 7
35 1 3
35 2 9
35 40 5
36 14 7
36 24 4
36 32 10
36 37 15
37 3 12
37 26 8
37 39 5
37 48 15
38 21 9
38 41 4
39 4 9
39 19 14
39 37 12
39 40 14
40 1 5
40 3 11
40 29 15
40 46 4
41 8 4
41 25 7
41 50 4
42 6 9
42 7 5
42 19 11
42 20 10
42 34 13
42 39 14
43 7 14
43 12 3
43 38 11
43 39 11
44 9 15
44 20 2
44 25 8
45 3 10
45 14 13
45 29 3
45 50 11
47 5 3
47 21 13
48 34 14
48 40 5
48 42 5
49 10 10
49 16 13
49 17 3
49 35 14
50 4 2
50 6 8
50 13 3
50 27 9
