1 3 23
1 13 8
1 16 23
1 20 18
2 37 21
3 1 23
3 28 25
4 34 7
5 27 13
5 37 25
5 40 23
6 9 8
6 44 5
7 29 8
7 39 18
8 50 24
9 6 8
9 13 24
9 47 12
10 21 16
11 24 17
11 41 16
11 48 10
11 50 9
12 26 24
12 47 29
13 1 8
13 9 24
13 49 6
14 42 28
15 17 13
16 1 23
17 15 13
17 37 7
17 41 24
18 25 27
18 47 29
19 49 5
20 1 18
21 10 16
21 30 13
22 48 7
23 25 8
23 39 30
24 11 17
25 18 27
25 23 8
25 42 27
26 12 24
27 5 13
27 35 13
28 3 25
29 7 8
29 45 20
30 21 13
30 43 25
31 32 22
31 45 17
32 31 22
32 46 17
33 50 14
34 4 7
34 50 8
35 27 13
35 36 20
36 35 20
37 2 21
37 5 25
37 17 7
38 39 16
39 7 18
39 23 30
39 38 16
40 5 23
40 44 11
41 11 16
41 17 24
42 14 28
42 25 27
43 30 25
43 50 26
44 6 5
44 40 11
45 29 20
45 31 17
46 32 17
47 9 12
47 12 29
47 18 29
48 11 10
48 22 7
49 13 6
49 19 5
50 8 24
50 11 9
50 33 14
50 34 8
50 43 26
