1 33
2 6
2 18
3 17
3 20
4 33
4 39
6 14
6 25
7 23
8 3
8 6
8 23
8 29
8 45
9 10
9 44
10 19
11 10
11 33
11 37
11 50
12 25
12 49
13 19
13 40
13 46
15 1
15 11
16 7
16 10
17 6
17 45
18 11
18 14
18 16
19 21
19 41
20 12
21 7
21 16
21 49
22 7
23 12
23 35
25 12
25 49
25 50
26 20
26 28
26 50
28 12
28 24
29 1
29 14
29 24
29 32
30 32
30 38
31 5
31 26
31 46
33 26
34 12
34 42
34 48
35 1
35 37
35 42
36 6
36 11
36 21
36 39
37 10
38 20
39 45
40 17
40 27
40 47
40 49
41 4
41 23
41 45
42 20
42 24
43 5
43 25
44 39
45 12
45 28
46 27
47 11
47 31
48 14
48 49
49 3
49 16
49 33
49 35
50 9
50 45
