0 57 0 0 0 0 78 0 0 0 0 0 0 0 0 0 0 0 0 0 0 0 0 0 0 
57 0 0 0 0 0 0 0 0 0 0 0 89 0 0 46 0 0 32 0 0 0 0 0 0 
0 0 0 0 0 0 0 0 0 11 0 0 0 0 0 0 0 0 0 0 0 0 0 0 0 
0 0 0 0 0 0 0 0 0 0 6 0 0 0 0 0 0 0 0 0 12 0 58 0 0 
0 0 0 0 0 0 0 0 0 0 0 0 0 44 0 0 0 0 0 0 0 0 0 0 0 
0 0 0 0 0 0 0 69 0 0 17 0 0 0 0 0 0 0 0 0 0 0 0 0 0 
78 0 0 0 0 0 0 0 0 74 0 0 0 0 0 0 0 0 0 0 92 0 0 0 0 
0 0 0 0 0 69 0 0 0 0 0 0 0 0 0 0 0 23 0 41 0 0 0 0 0 
0 0 0 0 0 0 0 0 0 0 0 0 0 0 0 0 0 0 0 0 0 24 0 0 0 
0 0 11 0 0 0 74 0 0 0 0 0 0 84 0 22 0 65 0 0 0 14 0 0 79 
0 0 0 6 0 17 0 0 0 0 0 0 0 19 69 0 0 0 0 0 0 0 0 0 0 
0 0 0 0 0 0 0 0 0 0 0 0 0 0 0 93 0 0 0 0 0 28 0 0 0 
0 89 0 0 0 0 0 0 0 0 0 0 0 0 0 0 0 82 18 0 0 0 7 0 0 
0 0 0 0 44 0 0 0 0 84 19 0 0 0 0 0 0 0 0 0 0 0 0 18 0 
0 0 0 0 0 0 0 0 0 0 69 0 0 0 0 0 0 0 0 0 0 0 0 0 0 
0 46 0 0 0 0 0 0 0 22 0 93 0 0 0 0 0 66 0 0 0 0 0 55 0 
0 0 0 0 0 0 0 0 0 0 0 0 0 0 0 0 0 49 0 0 0 40 0 0 0 
0 0 0 0 0 0 0 23 0 65 0 0 82 0 0 66 49 0 0 0 0 0 0 87 0 
0 32 0 0 0 0 0 0 0 0 0 0 18 0 0 0 0 0 0 0 0 0 0 0 0 
0 0 0 0 0 0 0 41 0 0 0 0 0 0 0 0 0 0 0 0 0 0 0 32 0 
0 0 0 12 0 0 92 0 0 0 0 0 0 0 0 0 0 0 0 0 0 0 0 0 0 
0 0 0 0 0 0 0 0 24 14 0 28 0 0 0 0 40 0 0 0 0 0 66 0 0 
0 0 0 58 0 0 0 0 0 0 0 0 7 0 0 0 0 0 0 0 0 66 0 0 89 
0 0 0 0 0 0 0 0 0 0 0 0 0 18 0 55 0 87 0 32 0 0 0 0 0 
0 0 0 0 0 0 0 0 0 79 0 0 0 0 0 0 0 0 0 0 0 0 89 0 0 
