0 0 0 0 0 0 0 0 0 43 0 0 0 0 0 
0 0 0 0 29 0 0 0 0 0 0 0 0 0 73 
0 0 0 0 0 15 58 0 0 7 0 0 0 0 0 
0 0 0 0 0 32 0 0 0 0 0 0 0 0 0 
0 29 0 0 0 0 0 19 0 19 0 48 0 0 0 
0 0 15 32 0 0 57 0 0 0 11 0 0 37 0 
0 0 58 0 0 57 0 75 100 0 52 0 0 29 0 
0 0 0 0 19 0 75 0 0 0 0 0 0 0 0 
0 0 0 0 0 0 100 0 0 0 0 93 0 0 0 
43 0 7 0 19 0 0 0 0 0 95 7 85 0 0 
0 0 0 0 0 11 52 0 0 95 0 5 0 0 87 
0 0 0 0 48 0 0 0 93 7 5 0 12 0 0 
0 0 0 0 0 0 0 0 0 85 0 12 0 0 95 
0 0 0 0 0 37 29 0 0 0 0 0 0 0 0 
0 73 0 0 0 0 0 0 0 0 87 0 95 0 0 
