0 28 20 8 17 6 21 0 0 0 0 0 5 0 28 0 0 0 0 30 0 0 0 20 21 0 29 7 0 14 16 15 20 0 0 6 0 13 0 18 22 0 7 24 6 0 14 5 0 12 
28 0 0 13 0 21 15 0 0 22 30 10 0 0 18 10 0 16 0 14 14 16 27 13 20 28 0 14 0 0 28 11 22 18 0 20 7 18 0 0 0 0 0 28 23 0 14 21 0 20 
20 0 0 0 0 12 13 0 0 0 0 0 23 0 0 7 0 0 0 0 19 9 8 0 0 0 17 0 0 9 11 27 8 29 20 21 0 12 0 9 0 24 0 15 11 0 10 8 24 0 
8 13 0 0 24 22 0 22 0 0 0 18 0 0 24 22 5 17 0 10 0 26 0 0 0 0 0 9 13 0 0 0 25 0 22 17 0 0 17 29 10 0 23 0 0 13 0 0 0 13 
17 0 0 24 0 18 25 0 0 21 0 0 30 20 19 0 0 0 30 0 15 15 8 0 20 17 0 0 23 0 24 10 14 23 0 28 0 21 0 0 0 27 21 19 12 0 0 22 14 7 
6 21 12 22 18 0 0 16 18 15 0 23 0 0 20 26 21 15 0 0 11 0 6 11 23 0 0 0 9 0 16 19 22 0 30 9 0 0 0 0 7 0 17 5 13 20 0 21 0 15 
21 15 13 0 25 0 0 0 27 0 0 8 0 15 8 22 0 0 17 13 20 0 5 29 21 5 11 29 0 6 0 21 12 0 0 0 0 14 0 0 18 0 0 27 0 0 0 19 9 0 
0 0 0 22 0 16 0 0 8 0 28 0 5 0 10 0 12 8 0 0 0 11 0 0 24 0 27 22 0 13 0 0 0 0 0 0 0 14 0 27 6 24 13 0 22 0 13 6 6 0 
0 0 0 0 0 18 27 8 0 0 0 6 0 0 28 5 19 0 8 0 16 0 0 0 10 28 0 21 0 22 6 11 0 22 26 15 16 0 9 0 0 19 5 0 29 0 24 0 0 9 
0 22 0 0 21 15 0 0 0 0 0 0 15 16 30 10 0 17 13 0 16 27 24 0 0 19 0 10 15 8 0 0 0 25 0 13 15 0 22 29 0 0 14 0 15 0 0 0 24 0 
0 30 0 0 0 0 0 28 0 0 0 0 21 0 0 29 0 0 8 18 0 19 0 8 21 15 23 0 21 19 0 0 28 12 14 6 23 9 0 26 7 0 0 0 25 0 5 11 0 6 
0 10 0 18 0 23 8 0 6 0 0 0 0 0 0 7 18 0 17 26 0 0 0 0 0 0 11 14 27 25 0 0 5 0 0 30 29 21 28 7 0 0 26 0 20 0 0 30 9 0 
5 0 23 0 30 0 0 5 0 15 21 0 0 0 0 25 0 18 24 0 22 9 16 0 0 0 0 20 0 20 0 27 0 0 5 0 0 0 0 0 0 0 0 5 0 0 0 13 0 0 
0 0 0 0 20 0 15 0 0 16 0 0 0 0 17 28 0 19 15 18 0 0 0 26 8 0 23 22 26 26 0 0 6 0 5 0 0 7 0 0 20 11 0 0 0 16 0 14 0 0 
28 18 0 24 19 20 8 10 28 30 0 0 0 17 0 0 29 0 0 0 0 29 0 0 0 7 30 21 0 21 0 0 28 0 0 7 0 8 0 15 0 0 24 7 0 12 0 25 0 20 
0 10 7 22 0 26 22 0 5 10 29 7 25 28 0 0 0 28 0 0 0 23 0 0 10 7 16 0 11 0 30 0 15 14 8 0 16 18 14 0 14 0 0 14 0 0 16 0 9 0 
0 0 0 5 0 21 0 12 19 0 0 18 0 0 29 0 0 24 25 0 0 0 22 25 18 0 25 30 0 0 0 9 30 0 0 0 0 29 0 7 0 0 18 0 10 0 13 0 25 0 
0 16 0 17 0 15 0 8 0 17 0 0 18 19 0 28 24 0 28 28 0 0 16 0 0 8 0 0 0 0 6 24 0 21 6 0 25 24 21 20 28 26 0 0 0 0 6 27 23 0 
0 0 0 0 30 0 17 0 8 13 8 17 24 15 0 0 25 28 0 0 27 0 0 17 26 28 0 15 0 0 0 26 8 0 0 0 14 21 26 13 13 25 23 0 0 25 0 0 27 7 
30 14 0 10 0 0 13 0 0 0 18 26 0 18 0 0 0 28 0 0 14 0 22 0 28 0 0 0 9 23 8 6 17 20 19 0 0 0 12 12 6 0 8 22 0 14 0 0 0 7 
0 14 19 0 15 11 20 0 16 16 0 0 22 0 0 0 0 0 27 14 0 0 0 0 24 20 0 0 0 16 0 0 17 0 24 9 13 21 0 0 0 13 0 0 0 13 0 0 0 0 
0 16 9 26 15 0 0 11 0 27 19 0 9 0 29 23 0 0 0 0 0 0 20 9 10 0 0 21 6 13 17 28 0 0 27 24 0 7 28 0 13 27 11 18 0 0 27 0 27 27 
0 27 8 0 8 6 5 0 0 24 0 0 16 0 0 0 22 16 0 22 0 20 0 6 0 0 0 0 19 0 12 23 20 0 0 0 0 0 9 0 18 0 30 8 23 21 0 23 0 0 
20 13 0 0 0 11 29 0 0 0 8 0 0 26 0 0 25 0 17 0 0 9 6 0 0 28 0 12 0 0 24 7 0 7 27 11 29 0 27 0 17 0 17 5 0 0 0 0 30 0 
21 20 0 0 20 23 21 24 10 0 21 0 0 8 0 10 18 0 26 28 24 10 0 0 0 0 5 0 0 0 23 6 0 0 0 27 0 18 0 19 0 9 0 23 17 0 0 0 0 8 
0 28 0 0 17 0 5 0 28 19 15 0 0 0 7 7 0 8 28 0 20 0 0 28 0 0 0 22 22 0 14 27 0 24 23 7 0 11 0 12 25 13 12 7 27 0 14 0 22 23 
29 0 17 0 0 0 11 27 0 0 23 11 0 23 30 16 25 0 0 0 0 0 0 0 5 0 0 20 26 8 0 29 0 0 0 0 0 11 14 28 27 0 12 0 0 0 22 0 0 15 
7 14 0 9 0 0 29 22 21 10 0 14 20 22 21 0 30 0 15 0 0 21 0 12 0 22 20 0 14 0 0 20 11 0 23 24 28 0 9 7 30 0 30 0 28 15 12 0 15 0 
0 0 0 13 23 9 0 0 0 15 21 27 0 26 0 11 0 0 0 9 0 6 19 0 0 22 26 14 0 0 0 0 0 9 0 23 0 0 21 0 17 0 21 0 24 0 7 0 0 0 
14 0 9 0 0 0 6 13 22 8 19 25 20 26 21 0 0 0 0 23 16 13 0 0 0 0 8 0 0 0 21 0 19 16 0 13 0 0 0 0 0 0 0 13 29 12 0 0 18 0 
16 28 11 0 24 16 0 0 6 0 0 0 0 0 0 30 0 6 0 8 0 17 12 24 23 14 0 0 0 21 0 7 6 7 0 10 30 10 7 0 0 0 0 10 13 26 0 0 0 0 
15 11 27 0 10 19 21 0 11 0 0 0 27 0 0 0 9 24 26 6 0 28 23 7 6 27 29 20 0 0 7 0 0 29 7 22 0 0 14 0 0 0 0 0 10 5 7 27 5 0 
20 22 8 25 14 22 12 0 0 0 28 5 0 6 28 15 30 0 8 17 17 0 20 0 0 0 0 11 0 19 6 0 0 30 5 27 6 9 0 0 8 0 0 27 0 0 5 21 0 30 
0 18 29 0 23 0 0 0 22 25 12 0 0 0 0 14 0 21 0 20 0 0 0 7 0 24 0 0 9 16 7 29 30 0 0 22 0 8 28 16 0 19 6 0 12 14 0 18 21 18 
0 0 20 22 0 30 0 0 26 0 14 0 5 5 0 8 0 6 0 19 24 27 0 27 0 23 0 23 0 0 0 7 5 0 0 14 0 8 12 30 19 0 0 21 0 28 24 14 14 19 
6 20 21 17 28 9 0 0 15 13 6 30 0 0 7 0 0 0 0 0 9 24 0 11 27 7 0 24 23 13 10 22 27 22 14 0 0 0 8 14 7 23 6 0 14 8 28 16 20 0 
0 7 0 0 0 0 0 0 16 15 23 29 0 0 0 16 0 25 14 0 13 0 0 29 0 0 0 28 0 0 30 0 6 0 0 0 0 0 0 11 0 24 13 10 12 13 0 25 26 16 
13 18 12 0 21 0 14 14 0 0 9 21 0 7 8 18 29 24 21 0 21 7 0 0 18 11 11 0 0 0 10 0 9 8 8 0 0 0 29 20 0 0 0 21 15 0 29 0 0 0 
0 0 0 17 0 0 0 0 9 22 0 28 0 0 0 14 0 21 26 12 0 28 9 27 0 0 14 9 21 0 7 14 0 28 12 8 0 29 0 0 0 0 0 0 0 0 0 0 0 10 
18 0 9 29 0 0 0 27 0 29 26 7 0 0 15 0 7 20 13 12 0 0 0 0 19 12 28 7 0 0 0 0 0 16 30 14 11 20 0 0 0 0 12 19 0 0 19 0 0 12 
22 0 0 10 0 7 18 6 0 0 7 0 0 20 0 14 0 28 13 6 0 13 18 17 0 25 27 30 17 0 0 0 8 0 19 7 0 0 0 0 0 0 0 19 0 7 14 0 0 0 
0 0 24 0 27 0 0 24 19 0 0 0 0 11 0 0 0 26 25 0 13 27 0 0 9 13 0 0 0 0 0 0 0 19 0 23 24 0 0 0 0 0 0 11 8 0 0 0 7 0 
7 0 0 23 21 17 0 13 5 14 0 26 0 0 24 0 18 0 23 8 0 11 30 17 0 12 12 30 21 0 0 0 0 6 0 6 13 0 0 12 0 0 0 30 0 0 19 0 0 0 
24 28 15 0 19 5 27 0 0 0 0 0 5 0 7 14 0 0 0 22 0 18 8 5 23 7 0 0 0 13 10 0 27 0 21 0 10 21 0 19 19 11 30 0 11 19 0 20 0 19 
6 23 11 0 12 13 0 22 29 15 25 20 0 0 0 0 10 0 0 0 0 0 23 0 17 27 0 28 24 29 13 10 0 12 0 14 12 15 0 0 0 8 0 11 0 0 8 0 0 0 
0 0 0 13 0 20 0 0 0 0 0 0 0 16 12 0 0 0 25 14 13 0 21 0 0 0 0 15 0 12 26 5 0 14 28 8 13 0 0 0 7 0 0 19 0 0 0 19 21 18 
14 14 10 0 0 0 0 13 24 0 5 0 0 0 0 16 13 6 0 0 0 27 0 0 0 14 22 12 7 0 0 7 5 0 24 28 0 29 0 19 14 0 19 0 8 0 0 0 23 0 
5 21 8 0 22 21 19 6 0 0 11 30 13 14 25 0 0 27 0 0 0 0 23 0 0 0 0 0 0 0 0 27 21 18 14 16 25 0 0 0 0 0 0 20 0 19 0 0 0 19 
0 0 24 0 14 0 9 6 0 24 0 9 0 0 0 9 25 23 27 0 0 27 0 30 0 22 0 15 0 18 0 5 0 21 14 20 26 0 0 0 0 7 0 0 0 21 23 0 0 7 
12 20 0 13 7 15 0 0 9 0 6 0 0 0 20 0 0 0 7 7 0 27 0 0 8 23 15 0 0 0 0 0 30 18 19 0 16 0 10 12 0 0 0 19 0 18 0 19 7 0 
