1 21
1 50
2 3
2 11
2 17
2 20
3 2
3 4
3 7
3 31
3 44
4 3
5 49
6 10
6 47
7 3
7 15
7 29
8 26
8 34
9 17
10 6
10 27
10 36
10 39
10 45
11 2
11 12
11 14
12 11
13 22
14 11
14 43
15 7
15 35
15 45
16 43
17 2
17 9
18 25
18 33
18 41
19 21
20 2
21 1
21 19
22 13
22 38
22 47
23 31
24 45
25 18
26 8
27 10
27 48
28 42
29 7
29 30
30 29
31 3
31 23
31 46
32 42
32 50
33 18
34 8
34 38
35 15
36 10
37 40
37 42
38 22
38 34
39 10
39 49
40 37
41 18
41 42
42 28
42 32
42 37
42 41
43 14
43 16
44 3
45 10
45 15
45 24
46 31
47 6
47 22
47 50
48 27
49 5
49 39
50 1
50 32
50 47
