32 3 8 44 12 14 15 21 9 31 
24 23 47 
40 1 30 23 
12 
16 17 
37 23 
24 20 37 47 
48 1 
16 48 23 40 1 
45 
48 47 
48 17 4 1 
16 17 37 30 
1 37 16 17 19 24 30 
48 1 47 40 39 
5 9 13 14 49 46 
35 5 12 13 14 25 27 31 
19 37 47 
33 34 38 41 43 44 45 14 18 22 
7 
24 1 28 37 23 
48 19 
2 3 6 9 44 21 29 31 
33 2 7 45 14 49 21 27 
48 17 40 
50 28 30 
48 17 50 24 39 
42 49 26 43 21 
48 50 23 
3 41 42 13 14 26 31 
1 40 17 50 23 30 
1 
24 50 19 
50 19 37 47 
17 39 
48 
34 6 7 42 43 13 14 45 18 21 
40 50 19 
27 35 46 15 
3 38 9 15 49 25 31 
48 19 30 
28 37 30 
19 28 37 
1 50 19 23 
24 10 19 37 
16 48 39 
2 7 11 34 15 18 
36 8 41 11 12 46 15 22 9 25 27 29 
16 24 28 40 
33 34 38 44 26 27 29 31 
