1 3
1 8
1 9
1 12
1 14
1 15
1 21
1 31
1 32
1 44
2 23
2 24
2 47
3 1
3 23
3 30
3 40
4 12
5 16
5 17
6 23
6 37
7 20
7 24
7 37
7 47
8 1
8 48
9 1
9 16
9 23
9 40
9 48
10 45
11 47
11 48
12 1
12 4
12 17
12 48
13 16
13 17
13 30
13 37
14 1
14 16
14 17
14 19
14 24
14 30
14 37
15 1
15 39
15 40
15 47
15 48
16 5
16 9
16 13
16 14
16 46
16 49
17 5
17 12
17 13
17 14
17 25
17 27
17 31
17 35
18 19
18 37
18 47
19 14
19 18
19 22
19 33
19 34
19 38
19 41
19 43
19 44
19 45
20 7
21 1
21 23
21 24
21 28
21 37
22 19
22 48
23 2
23 3
23 6
23 9
23 21
23 29
23 31
23 44
24 2
24 7
24 14
24 21
24 27
24 33
24 45
24 49
25 17
25 40
25 48
26 28
26 30
26 50
27 17
27 24
27 39
27 48
27 50
28 21
28 26
28 42
28 43
28 49
29 23
29 48
29 50
30 3
30 13
30 14
30 26
30 31
30 41
30 42
31 1
31 17
31 23
31 30
31 40
31 50
32 1
33 19
33 24
33 50
34 19
34 37
34 47
34 50
35 17
35 39
36 48
37 6
37 7
37 13
37 14
37 18
37 21
37 34
37 42
37 43
37 45
38 19
38 40
38 50
39 15
39 27
39 35
39 46
40 3
40 9
40 15
40 25
40 31
40 38
40 49
41 19
41 30
41 48
42 28
42 30
42 37
43 19
43 28
43 37
44 1
44 19
44 23
44 50
45 10
45 19
45 24
45 37
46 16
46 39
46 48
47 2
47 7
47 11
47 15
47 18
47 34
48 8
48 9
48 11
48 12
48 15
48 22
48 25
48 27
48 29
48 36
48 41
48 46
49 16
49 24
49 28
49 40
50 26
50 27
50 29
50 31
50 33
50 34
50 38
50 44
