1 2
1 6
1 16
1 18
1 24
1 33
1 43
1 45
1 47
2 1
3 10
3 11
4 5
4 7
4 9
4 13
4 14
4 18
4 23
4 32
4 34
4 44
4 49
4 50
5 4
5 17
5 25
6 1
6 11
7 4
7 10
7 25
8 17
9 4
10 3
10 7
10 15
10 20
10 22
10 29
10 35
10 43
10 45
10 47
10 48
10 50
11 3
11 6
11 20
11 21
11 22
11 28
11 42
11 48
12 25
12 38
13 4
14 4
14 25
14 40
15 10
15 40
16 1
17 5
17 8
17 19
17 22
17 24
17 27
17 28
17 29
17 35
17 39
17 46
18 1
18 4
18 31
18 37
19 17
20 10
20 11
20 40
21 11
22 10
22 11
22 17
22 25
23 4
24 1
24 17
25 5
25 7
25 12
25 14
25 22
25 26
25 29
25 41
26 25
27 17
27 40
28 11
28 17
29 10
29 17
29 25
30 40
31 18
32 4
33 1
34 4
34 40
35 10
35 17
36 40
37 18
38 12
39 17
39 40
40 14
40 15
40 20
40 27
40 30
40 34
40 36
40 39
40 47
40 48
41 25
42 11
43 1
43 10
44 4
45 1
45 10
46 17
47 1
47 10
47 40
48 10
48 11
48 40
49 4
50 4
50 10
