1 3
1 7
1 8
1 13
1 14
2 3
2 7
2 13
2 19
2 20
3 1
3 2
3 4
3 5
3 6
3 9
3 11
3 12
3 15
3 16
3 17
3 18
4 3
4 7
4 8
4 13
4 14
4 19
4 20
5 3
5 7
5 8
5 13
5 14
5 20
6 3
6 7
6 8
6 13
6 14
6 20
7 1
7 2
7 4
7 5
7 6
7 9
7 10
7 11
7 12
7 15
7 16
7 17
7 18
8 1
8 4
8 5
8 6
8 9
8 11
8 15
8 16
8 18
9 3
9 7
9 8
9 14
9 19
10 7
10 13
10 14
10 19
10 20
11 3
11 7
11 8
11 13
11 20
12 3
12 7
12 14
12 20
13 1
13 2
13 4
13 5
13 6
13 10
13 11
13 17
13 18
14 1
14 4
14 5
14 6
14 9
14 10
14 12
14 16
14 17
14 18
15 3
15 7
15 8
15 20
16 3
16 7
16 8
16 14
17 3
17 7
17 13
17 14
17 19
17 20
18 3
18 7
18 8
18 13
18 14
18 19
19 2
19 4
19 9
19 10
19 17
19 18
20 2
20 4
20 5
20 6
20 10
20 11
20 12
20 15
20 17
