2 3 4 5 6 7 9 13 14 15 17 20 22 23 24 27 28 32 33 37 40 41 43 46 50 
1 8 10 11 12 16 18 19 21 25 26 29 30 31 34 35 36 38 39 42 44 45 47 48 49 
1 8 10 11 12 16 18 19 21 25 26 29 30 31 34 35 36 38 39 42 44 45 47 48 49 
1 8 10 11 12 16 18 19 21 25 26 29 30 31 34 35 36 38 39 42 44 45 47 48 49 
1 8 10 11 12 16 18 19 21 25 26 29 30 31 34 35 36 38 39 42 44 45 47 48 49 
1 8 10 11 12 16 18 19 21 25 26 29 30 31 34 35 36 38 39 42 44 45 47 48 49 
1 8 10 11 12 16 18 19 21 25 26 29 30 31 34 35 36 38 39 42 44 45 47 48 49 
2 3 4 5 6 7 9 13 14 15 17 20 22 23 24 27 28 32 33 37 40 41 43 46 50 
1 8 10 11 12 16 18 19 21 25 26 29 30 31 34 35 36 38 39 42 44 45 47 48 49 
2 3 4 5 6 7 9 13 14 15 17 20 22 23 24 27 28 32 33 37 40 41 43 46 50 
2 3 4 5 6 7 9 13 14 15 17 20 22 23 24 27 28 32 33 37 40 41 43 46 50 
2 3 4 5 6 7 9 13 14 15 17 20 22 23 24 27 28 32 33 37 40 41 43 46 50 
1 8 10 11 12 16 18 19 21 25 26 29 30 31 34 35 36 38 39 42 44 45 47 48 49 
1 8 10 11 12 16 18 19 21 25 26 29 30 31 34 35 36 38 39 42 44 45 47 48 49 
1 8 10 11 12 16 18 19 21 25 26 29 30 31 34 35 36 38 39 42 44 45 47 48 49 
2 3 4 5 6 7 9 13 14 15 17 20 22 23 24 27 28 32 33 37 40 41 43 46 50 
1 8 10 11 12 16 18 19 21 25 26 29 30 31 34 35 36 38 39 42 44 45 47 48 49 
2 3 4 5 6 7 9 13 14 15 17 20 22 23 24 27 28 32 33 37 40 41 43 46 50 
2 3 4 5 6 7 9 13 14 15 17 20 22 23 24 27 28 32 33 37 40 41 43 46 50 
1 8 10 11 12 16 18 19 21 25 26 29 30 31 34 35 36 38 39 42 44 45 47 48 49 
2 3 4 5 6 7 9 13 14 15 17 20 22 23 24 27 28 32 33 37 40 41 43 46 50 
1 8 10 11 12 16 18 19 21 25 26 29 30 31 34 35 36 38 39 42 44 45 47 48 49 
1 8 10 11 12 16 18 19 21 25 26 29 30 31 34 35 36 38 39 42 44 45 47 48 49 
1 8 10 11 12 16 18 19 21 25 26 29 30 31 34 35 36 38 39 42 44 45 47 48 49 
2 3 4 5 6 7 9 13 14 15 17 20 22 23 24 27 28 32 33 37 40 41 43 46 50 
2 3 4 5 6 7 9 13 14 15 17 20 22 23 24 27 28 32 33 37 40 41 43 46 50 
1 8 10 11 12 16 18 19 21 25 26 29 30 31 34 35 36 38 39 42 44 45 47 48 49 
1 8 10 11 12 16 18 19 21 25 26 29 30 31 34 35 36 38 39 42 44 45 47 48 49 
2 3 4 5 6 7 9 13 14 15 17 20 22 23 24 27 28 32 33 37 40 41 43 46 50 
2 3 4 5 6 7 9 13 14 15 17 20 22 23 24 27 28 32 33 37 40 41 43 46 50 
2 3 4 5 6 7 9 13 14 15 17 20 22 23 24 27 28 32 33 37 40 41 43 46 50 
1 8 10 11 12 16 18 19 21 25 26 29 30 31 34 35 36 38 39 42 44 45 47 48 49 
1 8 10 11 12 16 18 19 21 25 26 29 30 31 34 35 36 38 39 42 44 45 47 48 49 
2 3 4 5 6 7 9 13 14 15 17 20 22 23 24 27 28 32 33 37 40 41 43 46 50 
2 3 4 5 6 7 9 13 14 15 17 20 22 23 24 27 28 32 33 37 40 41 43 46 50 
2 3 4 5 6 7 9 13 14 15 17 20 22 23 24 27 28 32 33 37 40 41 43 46 50 
1 8 10 11 12 16 18 19 21 25 26 29 30 31 34 35 36 38 39 42 44 45 47 48 49 
2 3 4 5 6 7 9 13 14 15 17 20 22 23 24 27 28 32 33 37 40 41 43 46 50 
2 3 4 5 6 7 9 13 14 15 17 20 22 23 24 27 28 32 33 37 40 41 43 46 50 
1 8 10 11 12 16 18 19 21 25 26 29 30 31 34 35 36 38 39 42 44 45 47 48 49 
1 8 10 11 12 16 18 19 21 25 26 29 30 31 34 35 36 38 39 42 44 45 47 48 49 
2 3 4 5 6 7 9 13 14 15 17 20 22 23 24 27 28 32 33 37 40 41 43 46 50 
1 8 10 11 12 16 18 19 21 25 26 29 30 31 34 35 36 38 39 42 44 45 47 48 49 
2 3 4 5 6 7 9 13 14 15 17 20 22 23 24 27 28 32 33 37 40 41 43 46 50 
2 3 4 5 6 7 9 13 14 15 17 20 22 23 24 27 28 32 33 37 40 41 43 46 50 
1 8 10 11 12 16 18 19 21 25 26 29 30 31 34 35 36 38 39 42 44 45 47 48 49 
2 3 4 5 6 7 9 13 14 15 17 20 22 23 24 27 28 32 33 37 40 41 43 46 50 
2 3 4 5 6 7 9 13 14 15 17 20 22 23 24 27 28 32 33 37 40 41 43 46 50 
2 3 4 5 6 7 9 13 14 15 17 20 22 23 24 27 28 32 33 37 40 41 43 46 50 
1 8 10 11 12 16 18 19 21 25 26 29 30 31 34 35 36 38 39 42 44 45 47 48 49 
