1 13
1 31
2 4
2 7
2 8
3 35
4 2
4 26
5 11
5 38
6 8
6 28
6 29
6 45
7 2
7 27
8 2
8 6
9 21
9 29
10 24
10 30
10 32
10 36
10 37
10 44
11 5
11 12
11 26
11 48
12 11
12 19
13 1
13 24
14 30
15 36
16 18
16 37
17 45
18 16
19 12
20 24
20 25
20 33
20 41
20 42
20 48
21 9
21 24
21 49
22 32
23 32
23 47
24 10
24 13
24 20
24 21
24 35
24 50
25 20
26 4
26 11
27 7
28 6
29 6
29 9
30 10
30 14
31 1
32 10
32 22
32 23
32 34
32 43
33 20
34 32
35 3
35 24
36 10
36 15
36 46
37 10
37 16
38 5
39 43
40 44
41 20
42 20
43 32
43 39
44 10
44 40
45 6
45 17
46 36
47 23
48 11
48 20
49 21
50 24
