1 28 17
2 28 18
3 1 8
3 28 19
4 12 18
4 13 15
4 15 9
4 16 16
4 18 14
4 19 23
4 20 22
4 21 22
4 22 20
4 26 22
4 27 8
4 29 11
5 1 10
5 28 25
6 1 21
6 5 19
6 28 7
7 1 15
7 5 8
7 6 13
7 28 21
8 1 16
8 5 18
8 28 15
9 1 25
9 28 15
10 28 16
11 10 11
11 28 9
12 1 11
12 5 17
12 6 18
12 28 20
13 1 25
13 5 19
13 8 25
13 28 13
14 1 12
14 3 22
14 28 18
14 30 21
15 10 13
15 28 16
16 1 16
16 5 8
16 6 21
16 7 17
16 28 18
17 1 14
17 5 12
17 6 18
17 28 9
18 1 17
18 9 14
18 28 22
19 10 25
19 28 17
20 10 18
20 11 16
20 28 8
21 1 15
21 3 20
21 28 15
21 30 9
22 10 23
22 11 21
22 28 21
23 1 11
23 3 12
23 14 14
23 28 19
23 30 14
24 1 19
24 5 23
24 6 14
24 17 17
24 28 16
25 2 25
25 28 16
26 2 17
26 25 16
26 28 20
27 1 15
27 5 23
27 6 7
27 17 19
27 24 16
27 28 14
29 1 13
29 3 18
29 14 16
29 23 22
29 28 21
29 30 9
30 1 17
30 3 24
30 28 8
