1 27 11
2 27 11
3 2 25
4 3 18
5 1 12
6 4 21
7 1 11
8 3 8
8 38 22
9 2 9
10 2 14
11 3 13
12 7 10
13 9 15
14 11 8
15 8 20
15 27 23
15 37 22
16 13 21
16 34 23
16 47 14
17 6 22
18 7 8
19 27 23
20 5 14
21 5 11
21 30 13
21 43 12
22 17 23
22 23 19
23 10 18
24 19 24
25 13 17
26 2 8
28 14 16
29 26 7
30 27 19
31 20 19
32 22 15
32 28 13
32 44 13
33 4 22
33 41 9
34 31 19
34 46 7
35 29 22
36 14 22
37 49 8
38 12 12
39 15 13
39 16 20
39 21 10
39 32 21
39 48 16
39 50 17
40 5 24
41 10 18
42 27 19
43 42 14
43 45 7
44 3 23
45 35 7
46 25 9
47 19 16
48 29 17
48 33 10
48 40 20
49 1 17
50 18 21
50 24 19
50 36 25
