2 49 13
3 49 14
4 49 21
5 2 25
6 3 23
6 33 7
6 39 8
7 1 22
8 7 9
8 40 16
9 5 18
10 9 11
11 10 21
12 4 8
13 4 16
14 11 8
15 1 8
15 13 18
16 6 13
16 18 13
16 31 11
16 37 18
16 41 22
16 44 7
17 2 23
18 2 11
18 15 8
18 48 17
19 17 9
20 9 24
21 45 25
21 50 19
22 50 14
23 2 25
24 23 11
25 24 12
26 11 8
27 22 16
28 5 15
29 19 17
30 26 24
31 30 14
31 36 23
31 50 25
32 14 13
33 11 19
33 29 18
34 17 15
34 28 18
35 20 19
36 19 13
36 38 16
37 1 17
37 21 8
38 10 25
39 32 9
40 12 15
41 8 25
41 35 22
41 47 23
42 4 18
43 42 14
44 10 21
44 34 8
44 46 16
45 25 25
46 43 23
47 27 7
48 17 9
49 1 16
50 4 16
