1 15 17
2 15 11
3 15 24
4 15 23
5 2 16
6 1 20
7 5 14
8 3 15
9 1 23
10 9 13
11 1 22
12 5 13
13 4 15
14 9 10
16 13 19
17 8 22
18 9 23
18 35 24
19 6 19
20 8 15
21 12 22
22 2 11
23 14 10
24 13 13
25 14 15
26 20 8
27 21 17
27 41 24
28 26 14
29 3 13
29 30 15
30 16 7
31 11 18
31 28 25
32 7 17
32 17 24
33 13 20
34 19 16
34 22 12
35 17 23
36 1 15
37 33 23
38 13 17
39 9 13
40 36 25
40 49 17
41 38 13
42 2 13
43 24 25
44 8 9
44 50 8
45 2 15
45 43 22
46 18 24
46 23 14
46 27 20
46 29 9
46 31 16
46 32 23
46 34 25
46 40 10
46 44 17
46 45 21
46 47 22
46 48 21
47 28 19
47 37 10
48 25 19
48 39 21
49 10 20
50 42 16
