0 0 0 0 0 0 0 0 0 0 0 0 14 0 0 0 0 0 0 0 
0 0 0 0 0 0 0 0 0 0 0 0 13 0 0 0 0 0 0 0 
0 13 0 0 0 0 0 0 0 0 0 0 7 0 0 0 0 0 0 0 
0 0 0 0 0 0 0 0 0 0 0 0 3 0 0 0 0 0 0 0 
6 0 0 0 0 0 0 0 0 0 0 0 12 0 0 0 0 0 0 0 
0 5 3 0 0 0 0 0 0 0 0 0 11 0 0 0 0 0 0 0 
0 0 0 0 7 9 0 3 8 0 12 0 0 0 0 13 15 12 13 0 
0 0 0 4 0 0 0 0 0 0 0 0 12 0 0 0 0 0 0 0 
0 11 4 0 0 0 0 0 0 0 0 0 11 0 0 0 0 0 0 0 
10 0 0 0 0 0 0 0 0 0 0 0 11 0 0 0 0 0 0 5 
6 0 0 0 0 0 0 0 0 3 0 0 4 0 0 0 0 0 0 15 
0 3 0 0 0 0 0 0 0 0 0 0 14 0 0 0 0 0 0 0 
0 0 0 0 0 0 0 0 0 0 0 0 0 0 0 0 0 0 0 0 
0 13 0 0 0 0 0 0 0 0 0 12 5 0 0 0 0 0 0 0 
0 5 0 0 0 0 0 0 0 0 0 10 13 14 0 0 0 0 0 0 
0 14 0 0 0 0 0 0 0 0 0 12 11 13 13 0 0 0 0 0 
12 0 0 0 0 0 0 0 0 0 0 0 9 0 0 0 0 0 0 11 
14 0 0 0 0 0 0 0 0 0 0 0 11 0 0 0 0 0 0 9 
0 4 0 0 0 0 0 0 0 0 0 0 9 0 0 0 0 0 0 0 
6 0 0 0 0 0 0 0 0 0 0 0 12 0 0 0 0 0 0 0 
