1 5 24 
1 14 18 
1 18 3 
1 21 11 
1 41 13 
1 45 9 
1 50 3 
2 7 14 
2 11 8 
2 23 23 
2 24 6 
2 31 4 
3 16 10 
3 27 21 
3 28 8 
3 31 9 
3 32 22 
4 8 24 
4 13 12 
4 16 22 
4 47 21 
5 25 25 
5 38 5 
6 9 16 
6 25 12 
6 38 10 
6 45 23 
7 4 3 
7 33 4 
8 22 9 
8 23 17 
8 41 12 
8 45 21 
8 47 14 
9 19 24 
9 21 10 
9 28 9 
10 38 7 
11 4 16 
11 9 25 
11 14 24 
11 27 9 
11 31 11 
11 46 23 
11 48 8 
12 16 5 
12 26 9 
12 27 7 
12 28 7 
12 30 3 
13 23 25 
13 25 16 
13 26 17 
13 32 14 
13 40 24 
14 7 15 
14 19 3 
14 36 23 
14 42 6 
15 5 18 
15 8 4 
15 11 12 
15 13 14 
15 19 7 
16 5 17 
16 8 22 
16 12 13 
16 17 23 
16 22 4 
16 25 11 
16 45 10 
17 8 6 
17 40 23 
17 41 16 
17 50 9 
18 6 21 
18 14 4 
18 33 9 
18 42 15 
18 50 12 
19 11 21 
19 13 12 
19 17 17 
19 20 11 
19 28 24 
19 31 21 
19 34 12 
19 43 22 
19 49 16 
20 3 16 
20 5 9 
20 11 7 
20 13 19 
20 14 10 
20 16 19 
20 19 15 
21 10 13 
21 12 18 
21 29 11 
21 38 24 
21 44 25 
22 7 18 
22 8 11 
22 31 4 
22 32 15 
22 39 21 
22 49 15 
23 9 8 
23 40 15 
23 42 5 
23 47 13 
23 50 9 
24 32 15 
24 48 23 
24 50 20 
25 1 8 
25 17 11 
25 18 17 
25 30 23 
25 39 8 
25 45 19 
26 12 7 
26 14 24 
26 15 16 
26 31 20 
26 32 5 
26 41 17 
26 46 24 
27 9 10 
27 12 20 
27 15 11 
27 28 22 
27 47 16 
28 12 5 
28 16 5 
28 24 16 
28 49 24 
29 3 20 
29 9 20 
29 31 12 
29 35 12 
29 38 25 
30 7 10 
30 8 12 
30 19 16 
30 25 22 
30 28 9 
31 6 8 
31 11 6 
31 12 7 
31 23 24 
31 44 21 
32 2 17 
32 17 9 
32 24 3 
32 40 6 
32 45 6 
33 1 7 
33 12 11 
33 22 8 
33 27 4 
33 36 20 
33 37 21 
33 39 21 
34 6 21 
34 17 14 
34 25 25 
34 28 8 
34 36 16 
34 37 17 
34 38 9 
34 48 15 
35 17 14 
35 21 18 
35 36 20 
35 42 22 
35 47 10 
36 4 22 
36 18 5 
36 21 6 
36 40 8 
36 46 8 
36 50 15 
37 2 19 
37 13 14 
37 19 12 
37 20 9 
37 29 13 
37 44 11 
38 21 15 
38 25 13 
38 28 16 
38 31 16 
38 43 24 
38 47 9 
39 4 24 
39 9 9 
39 17 6 
39 26 6 
40 8 16 
40 12 7 
40 15 17 
40 19 17 
40 20 23 
40 33 17 
40 39 17 
40 47 14 
41 5 13 
41 7 4 
41 18 20 
41 27 6 
41 31 6 
41 37 20 
41 38 25 
42 7 7 
42 21 11 
42 25 10 
42 27 16 
42 28 8 
42 33 17 
42 34 10 
42 39 22 
42 49 19 
42 50 9 
43 14 18 
43 15 21 
43 23 24 
43 30 15 
43 39 13 
44 6 21 
44 31 13 
44 37 5 
45 15 25 
45 20 23 
45 28 9 
45 29 12 
45 37 9 
45 42 8 
46 13 8 
46 23 25 
47 2 16 
47 11 6 
47 12 5 
47 21 23 
47 28 15 
47 31 19 
47 45 4 
48 22 15 
48 26 9 
48 40 6 
48 41 12 
48 42 4 
49 3 17 
49 17 24 
49 50 25 
50 33 11 
50 41 11 
50 42 11 
