1 2 
1 8 
1 27 
1 45 
1 50 
2 1 
2 5 
2 7 
2 15 
2 29 
2 32 
3 2 
3 15 
3 33 
4 14 
4 26 
4 34 
4 48 
5 1 
5 4 
5 15 
5 30 
5 42 
6 11 
6 16 
6 25 
6 42 
7 17 
7 35 
7 42 
7 44 
8 4 
8 10 
8 13 
8 28 
8 48 
9 1 
9 7 
9 11 
9 17 
9 28 
9 46 
9 48 
10 17 
10 25 
10 30 
11 15 
11 17 
11 28 
11 41 
11 43 
12 16 
12 20 
12 21 
12 26 
13 5 
13 29 
13 34 
14 2 
14 10 
14 18 
14 41 
14 42 
15 18 
15 29 
15 40 
15 45 
16 46 
17 8 
17 26 
17 28 
17 30 
18 2 
18 21 
18 33 
18 47 
19 29 
19 40 
19 49 
20 19 
20 27 
20 39 
21 3 
21 33 
21 43 
21 44 
21 45 
22 6 
22 12 
22 19 
22 32 
22 33 
22 45 
23 24 
24 18 
24 21 
24 43 
24 45 
25 4 
25 8 
25 27 
25 34 
25 43 
25 48 
26 9 
26 15 
26 24 
26 43 
27 6 
27 14 
28 10 
28 36 
28 50 
29 15 
29 17 
29 24 
29 34 
29 41 
29 42 
30 5 
30 33 
30 34 
30 38 
31 9 
31 23 
31 27 
31 33 
31 36 
31 38 
32 12 
32 28 
32 42 
33 2 
34 13 
34 17 
34 27 
34 42 
34 44 
35 4 
35 7 
35 11 
35 14 
35 21 
35 38 
36 35 
36 45 
36 46 
36 50 
37 1 
37 17 
37 21 
37 43 
37 48 
38 3 
38 5 
38 12 
38 14 
38 17 
38 21 
38 42 
38 43 
38 46 
38 50 
39 17 
39 26 
39 47 
40 15 
40 21 
40 24 
40 30 
40 48 
41 2 
41 21 
41 31 
41 33 
41 36 
41 37 
42 5 
42 15 
42 31 
42 36 
42 38 
43 12 
43 13 
43 14 
43 16 
43 19 
44 19 
44 37 
44 38 
44 40 
44 47 
45 1 
45 28 
45 31 
45 39 
45 40 
46 10 
46 17 
46 19 
46 22 
46 32 
47 25 
47 31 
47 36 
48 9 
48 13 
48 19 
48 21 
48 25 
48 41 
49 31 
49 34 
49 35 
50 7 
50 19 
50 26 
50 48 
