1 2 8
1 6 18
1 11 12
1 25 6
2 1 8
2 8 16
2 12 12
2 23 9
3 14 20
3 18 12
3 22 16
4 6 19
4 11 13
5 11 9
5 18 21
6 1 18
6 4 19
6 11 16
6 12 21
6 19 25
7 22 16
8 2 16
8 9 18
8 20 19
8 25 12
9 8 18
9 13 21
9 23 7
9 25 13
10 12 17
10 13 6
10 23 7
10 25 22
11 1 12
11 4 13
11 5 9
11 6 16
11 16 16
11 20 3
11 25 4
12 2 12
12 6 21
12 10 17
12 14 11
12 16 13
12 25 20
13 9 21
13 10 6
13 17 21
13 23 5
14 3 20
14 12 11
14 23 7
14 25 3
15 19 6
16 11 16
16 12 13
16 22 23
17 13 21
17 23 19
18 3 12
18 5 21
18 21 25
18 23 11
18 25 7
19 6 25
19 15 6
20 8 19
20 11 3
20 24 14
21 18 25
21 23 15
22 3 16
22 7 16
22 16 23
23 2 9
23 9 7
23 10 7
23 13 5
23 14 7
23 17 19
23 18 11
23 21 15
24 20 14
25 1 6
25 8 12
25 9 13
25 10 22
25 11 4
25 12 20
25 14 3
25 18 7
