0 8 0 0 0 18 0 0 0 0 12 0 0 0 0 0 0 0 0 0 0 0 0 0 6 
8 0 0 0 0 0 0 16 0 0 0 12 0 0 0 0 0 0 0 0 0 0 9 0 0 
0 0 0 0 0 0 0 0 0 0 0 0 0 20 0 0 0 12 0 0 0 16 0 0 0 
0 0 0 0 0 19 0 0 0 0 13 0 0 0 0 0 0 0 0 0 0 0 0 0 0 
0 0 0 0 0 0 0 0 0 0 9 0 0 0 0 0 0 21 0 0 0 0 0 0 0 
18 0 0 19 0 0 0 0 0 0 16 21 0 0 0 0 0 0 25 0 0 0 0 0 0 
0 0 0 0 0 0 0 0 0 0 0 0 0 0 0 0 0 0 0 0 0 16 0 0 0 
0 16 0 0 0 0 0 0 18 0 0 0 0 0 0 0 0 0 0 19 0 0 0 0 12 
0 0 0 0 0 0 0 18 0 0 0 0 21 0 0 0 0 0 0 0 0 0 7 0 13 
0 0 0 0 0 0 0 0 0 0 0 17 6 0 0 0 0 0 0 0 0 0 7 0 22 
12 0 0 13 9 16 0 0 0 0 0 0 0 0 0 16 0 0 0 3 0 0 0 0 4 
0 12 0 0 0 21 0 0 0 17 0 0 0 11 0 13 0 0 0 0 0 0 0 0 20 
0 0 0 0 0 0 0 0 21 6 0 0 0 0 0 0 21 0 0 0 0 0 5 0 0 
0 0 20 0 0 0 0 0 0 0 0 11 0 0 0 0 0 0 0 0 0 0 7 0 3 
0 0 0 0 0 0 0 0 0 0 0 0 0 0 0 0 0 0 6 0 0 0 0 0 0 
0 0 0 0 0 0 0 0 0 0 16 13 0 0 0 0 0 0 0 0 0 23 0 0 0 
0 0 0 0 0 0 0 0 0 0 0 0 21 0 0 0 0 0 0 0 0 0 19 0 0 
0 0 12 0 21 0 0 0 0 0 0 0 0 0 0 0 0 0 0 0 25 0 11 0 7 
0 0 0 0 0 25 0 0 0 0 0 0 0 0 6 0 0 0 0 0 0 0 0 0 0 
0 0 0 0 0 0 0 19 0 0 3 0 0 0 0 0 0 0 0 0 0 0 0 14 0 
0 0 0 0 0 0 0 0 0 0 0 0 0 0 0 0 0 25 0 0 0 0 15 0 0 
0 0 16 0 0 0 16 0 0 0 0 0 0 0 0 23 0 0 0 0 0 0 0 0 0 
0 9 0 0 0 0 0 0 7 7 0 0 5 7 0 0 19 11 0 0 15 0 0 0 0 
0 0 0 0 0 0 0 0 0 0 0 0 0 0 0 0 0 0 0 14 0 0 0 0 0 
6 0 0 0 0 0 0 12 13 22 4 20 0 3 0 0 0 7 0 0 0 0 0 0 0 
