1 10
1 16
1 17
1 28
1 42
1 45
1 47
2 6
2 7
2 9
2 11
2 17
2 18
2 34
2 40
2 45
2 46
2 49
3 8
3 9
3 11
3 14
3 21
3 23
3 31
3 32
3 33
3 36
3 45
3 46
4 7
4 16
4 22
4 26
4 28
4 32
4 36
4 37
4 40
4 49
5 10
5 14
5 17
5 34
5 36
5 38
5 39
5 41
5 42
5 43
6 2
6 7
6 8
6 10
6 38
6 43
7 2
7 4
7 6
7 11
7 14
7 20
7 29
7 30
7 31
7 37
8 3
8 6
8 14
8 17
8 26
8 27
8 28
8 40
8 46
9 2
9 3
9 11
9 18
9 19
9 27
9 35
9 37
9 43
9 49
10 1
10 5
10 6
10 12
10 13
10 15
10 17
10 22
10 26
10 31
10 36
10 38
10 43
10 48
11 2
11 3
11 7
11 9
11 14
11 15
11 16
11 25
11 29
11 36
12 10
12 15
12 21
12 26
12 31
12 33
12 34
12 35
12 37
12 49
13 10
13 17
13 27
13 37
13 38
13 42
13 47
13 48
14 3
14 5
14 7
14 8
14 11
14 32
14 35
14 38
14 49
15 10
15 11
15 12
15 17
15 30
15 32
15 33
15 35
15 42
15 47
15 49
16 1
16 4
16 11
16 18
16 24
16 29
16 32
16 34
16 41
17 1
17 2
17 5
17 8
17 10
17 13
17 15
17 20
17 22
17 26
17 28
17 29
17 30
17 32
17 33
17 38
17 48
17 50
18 2
18 9
18 16
18 20
18 22
18 28
19 9
19 22
19 24
19 25
19 27
19 29
19 36
19 47
19 49
20 7
20 17
20 18
20 25
20 26
20 30
20 36
20 37
20 40
20 45
20 48
20 50
21 3
21 12
21 43
21 44
21 46
21 49
22 4
22 10
22 17
22 18
22 19
22 35
22 48
23 3
23 35
23 37
23 40
23 46
24 16
24 19
24 31
24 34
24 40
25 11
25 19
25 20
25 30
25 35
25 36
25 39
25 49
26 4
26 8
26 10
26 12
26 17
26 20
26 28
26 33
26 34
26 36
26 42
26 43
26 46
26 47
26 49
27 8
27 9
27 13
27 19
27 40
27 44
27 47
28 1
28 4
28 8
28 17
28 18
28 26
28 32
28 36
28 44
28 45
28 46
28 50
29 7
29 11
29 16
29 17
29 19
29 33
29 36
29 40
30 7
30 15
30 17
30 20
30 25
30 33
30 37
30 39
30 47
31 3
31 7
31 10
31 12
31 24
31 35
31 44
31 45
31 46
31 48
31 50
32 3
32 4
32 14
32 15
32 16
32 17
32 28
32 35
32 38
32 43
32 45
32 46
32 47
32 48
32 49
33 3
33 12
33 15
33 17
33 26
33 29
33 30
33 49
33 50
34 2
34 5
34 12
34 16
34 24
34 26
34 40
34 44
34 46
35 9
35 12
35 14
35 15
35 22
35 23
35 25
35 31
35 32
35 36
35 42
35 46
35 50
36 3
36 4
36 5
36 10
36 11
36 19
36 20
36 25
36 26
36 28
36 29
36 35
36 39
36 40
36 44
37 4
37 7
37 9
37 12
37 13
37 20
37 23
37 30
37 40
37 46
37 48
38 5
38 6
38 10
38 13
38 14
38 17
38 32
38 42
38 44
38 47
39 5
39 25
39 30
39 36
39 40
39 41
40 2
40 4
40 8
40 20
40 23
40 24
40 27
40 29
40 34
40 36
40 37
40 39
40 43
40 50
41 5
41 16
41 39
41 42
41 43
42 1
42 5
42 13
42 15
42 26
42 35
42 38
42 41
42 49
43 5
43 6
43 9
43 10
43 21
43 26
43 32
43 40
43 41
43 44
43 50
44 21
44 27
44 28
44 31
44 34
44 36
44 38
44 43
44 50
45 1
45 2
45 3
45 20
45 28
45 31
45 32
46 2
46 3
46 8
46 21
46 23
46 26
46 28
46 31
46 32
46 34
46 35
46 37
46 47
46 48
46 50
47 1
47 13
47 15
47 19
47 26
47 27
47 30
47 32
47 38
47 46
48 10
48 13
48 17
48 20
48 22
48 31
48 32
48 37
48 46
48 49
48 50
49 2
49 4
49 9
49 12
49 14
49 15
49 19
49 21
49 25
49 26
49 32
49 33
49 42
49 48
50 17
50 20
50 28
50 31
50 33
50 35
50 40
50 43
50 44
50 46
50 48
