1 7
1 15
1 17
2 32
2 33
2 38
2 46
3 7
3 25
4 10
4 13
4 44
4 50
5 15
5 28
6 26
6 32
7 1
7 3
7 19
7 34
8 19
9 16
9 19
9 23
10 4
10 13
11 41
12 20
12 29
12 35
13 4
13 10
14 25
14 49
15 1
15 5
15 43
16 9
17 1
17 40
18 31
18 34
18 42
19 7
19 8
19 9
20 12
20 26
21 39
22 39
22 47
23 9
23 41
24 47
25 3
25 14
26 6
26 20
26 29
26 32
27 36
27 50
28 5
29 12
29 26
30 31
30 48
31 18
31 30
31 34
32 2
32 6
32 26
32 33
33 2
33 32
33 38
34 7
34 18
34 31
35 12
36 27
36 50
37 40
38 2
38 33
39 21
39 22
39 47
40 17
40 37
41 11
41 23
42 18
43 15
44 4
44 50
45 48
46 2
47 22
47 24
47 39
48 30
48 45
48 49
49 14
49 48
50 4
50 27
50 36
50 44
