10 45 47 16 17 28 42 
34 49 6 7 40 9 11 45 46 17 18 
32 33 36 8 9 11 45 14 21 23 46 31 
32 36 37 7 40 16 49 22 26 28 
34 36 38 39 41 10 43 14 17 42 
2 38 7 8 10 43 
2 4 37 6 11 14 20 29 30 31 
3 6 40 14 17 46 26 27 28 
35 2 3 37 11 49 18 19 43 27 
1 36 5 6 43 12 13 15 48 17 22 26 38 31 
2 3 36 7 9 14 15 16 25 29 
33 34 35 37 10 15 49 21 26 31 
37 38 10 47 48 17 27 42 
32 3 5 38 7 8 11 49 35 
32 33 35 49 10 11 12 47 17 42 30 
32 1 34 4 41 11 18 24 29 
32 33 2 5 38 1 8 10 13 15 48 50 20 22 26 28 29 30 
2 9 16 20 22 28 
36 9 47 49 22 24 25 27 29 
36 37 7 40 18 45 48 17 50 25 26 30 
3 44 43 12 46 49 
35 4 10 48 17 18 19 
40 35 3 37 46 
16 40 34 19 31 
35 36 39 11 49 19 20 30 
33 34 4 49 8 10 43 12 46 47 17 20 36 28 42 
8 9 44 13 47 40 19 
32 1 4 8 44 18 46 45 17 50 36 26 
33 36 7 40 11 16 17 19 
33 37 7 39 15 17 20 25 47 
35 7 44 10 12 45 46 48 50 3 24 
48 3 4 38 17 43 45 14 15 16 49 35 46 47 28 
3 49 12 15 17 50 26 29 30 
2 5 40 44 12 46 16 24 26 
32 36 9 42 12 14 15 50 46 22 23 25 31 
3 35 4 5 39 40 10 11 44 19 20 25 26 28 29 
4 7 40 9 12 13 46 48 20 23 30 
32 5 6 10 44 13 14 47 17 42 
36 5 40 41 25 30 
34 4 37 39 8 43 2 50 20 23 24 36 27 29 
16 42 43 5 39 
1 35 5 38 41 13 15 49 26 
32 5 6 40 9 10 44 50 21 41 26 
34 36 38 43 50 21 27 28 31 
32 1 2 3 20 28 31 
32 34 3 37 8 2 47 48 50 35 21 23 26 28 31 
32 1 38 13 46 15 19 26 27 30 
32 37 49 10 13 46 17 50 20 22 31 
32 33 2 4 9 42 12 14 15 48 19 21 25 26 
33 35 40 43 44 46 48 17 20 28 31 
