1 5 8
1 26 10
1 41 -6
1 42 10
1 47 2
2 29 15
3 16 11
3 27 8
3 35 15
3 44 12
4 20 13
5 31 6
5 35 4
6 5 6
6 20 12
7 13 4
7 15 4
7 27 14
7 29 13
7 32 3
8 12 11
8 21 3
8 32 2
8 37 7
9 8 12
10 18 14
10 38 8
11 13 3
11 24 13
11 27 13
11 33 2
11 43 12
12 2 2
12 9 11
12 27 5
12 44 8
12 48 4
13 29 3
13 40 10
14 3 13
14 31 15
14 33 13
15 8 5
15 13 14
15 34 2
16 18 8
17 1 9
17 19 13
17 35 15
17 50 8
18 1 -3
18 31 11
19 31 13
21 8 7
21 36 14
21 43 9
22 3 12
22 47 8
23 15 -4
23 33 2
23 42 5
24 4 7
24 25 2
24 27 6
24 33 6
25 29 8
25 33 13
25 43 14
25 47 7
26 3 12
26 4 12
26 12 15
26 34 -15
27 17 4
27 43 -2
27 46 7
28 12 15
28 39 11
28 47 11
29 12 12
29 17 5
29 20 -13
29 35 2
30 26 15
30 43 12
30 49 10
31 11 9
31 27 10
31 38 6
31 44 3
32 15 12
32 28 6
32 47 13
33 7 10
33 16 8
33 17 5
33 21 14
33 43 2
33 47 8
34 6 8
34 21 7
34 29 7
34 41 9
35 8 14
35 24 12
37 17 14
37 38 11
37 42 15
38 8 14
38 19 8
38 25 15
38 31 15
38 43 5
39 36 5
39 37 4
40 15 11
40 18 9
40 29 7
40 37 15
41 9 9
41 33 6
41 38 8
42 13 5
42 15 12
42 17 6
42 20 7
42 21 13
42 32 8
43 9 14
43 32 15
44 7 14
44 14 14
44 22 11
45 5 15
45 16 9
45 30 11
45 33 11
46 34 14
47 9 5
48 10 -4
48 26 2
48 39 14
49 23 -11
49 26 4
49 27 7
49 32 -11
49 38 6
49 41 4
50 2 3
50 27 10
