1 10 10
2 14 8
3 17 11
3 45 6
4 47 -11
5 23 9
6 1 -4
10 23 15
11 48 12
13 41 13
14 26 9
14 35 -15
16 7 6
16 27 11
16 50 6
19 15 9
20 21 13
20 43 6
21 10 11
21 19 3
21 33 14
22 10 9
22 39 5
23 26 10
23 47 14
24 8 12
25 27 -5
25 39 15
26 2 7
26 18 3
26 23 14
27 15 5
27 40 11
29 5 -15
30 31 4
31 34 5
31 35 7
31 40 11
32 29 15
34 13 6
34 35 -10
34 45 -10
35 12 9
36 5 4
37 13 -10
38 9 5
38 10 3
38 29 10
39 33 3
39 46 7
40 27 2
41 24 4
41 28 15
42 3 15
43 5 15
44 19 9
45 32 4
47 30 -13
48 12 -12
48 37 12
49 3 13
49 29 -6
49 32 5
49 50 7
50 16 9
50 22 -9
