1 2 -14
1 4 12
1 19 -12
2 3 -15
2 5 -9
2 16 9
2 17 5
2 19 12
3 5 15
3 7 8
3 11 2
3 15 5
3 16 3
3 20 -11
4 1 4
4 9 3
4 16 10
4 17 14
4 20 12
5 1 8
5 13 5
5 20 -14
6 1 8
6 4 8
6 7 9
6 9 14
6 10 2
6 11 8
6 16 13
6 18 -6
7 9 -9
7 10 9
7 15 4
7 16 -15
7 17 2
7 18 -8
7 20 2
8 1 10
8 4 8
8 5 -11
8 7 11
8 12 14
8 13 13
8 14 11
8 15 -4
8 20 -6
9 6 14
9 12 9
9 14 14
9 16 -4
10 6 10
10 14 13
10 16 14
10 17 7
10 18 4
10 19 9
11 3 -10
11 6 11
11 9 7
11 14 10
11 19 10
11 20 -10
12 3 13
12 13 13
12 18 4
12 19 -11
12 20 14
13 2 12
13 3 15
13 6 13
13 16 14
13 19 -14
14 5 9
14 7 7
14 9 6
14 11 8
15 6 6
15 8 8
16 8 8
16 11 5
16 18 14
17 4 2
17 7 15
17 9 3
17 14 4
18 3 3
18 8 4
18 13 7
18 15 2
19 8 13
19 11 9
19 12 15
19 13 9
19 14 4
20 8 8
20 11 4
20 13 9
20 17 11
20 18 14
20 19 6
