1 15 4
1 33 9
2 5 10
2 9 2
2 19 13
2 28 -6
3 8 8
3 14 5
3 20 11
3 26 3
3 44 8
3 49 14
4 11 4
4 18 5
4 20 2
4 22 -8
4 28 6
4 32 7
4 48 -3
4 49 -11
5 19 -10
5 37 10
5 38 10
6 10 11
6 19 11
6 22 6
6 23 -3
6 25 5
6 28 5
6 35 13
6 40 2
7 17 15
7 19 4
7 46 -6
8 9 15
8 20 -7
8 21 5
8 29 4
8 34 13
8 36 4
8 43 2
8 48 4
9 4 10
9 7 -10
9 8 11
9 21 11
9 29 3
9 32 -8
9 35 15
9 48 -4
10 2 -12
10 14 2
10 18 3
11 8 2
11 12 -3
11 20 9
11 21 -11
11 28 15
11 31 6
12 8 10
12 10 2
12 23 14
12 26 -12
12 48 12
13 11 2
13 42 -14
13 49 5
14 9 12
14 25 11
14 29 6
14 46 6
15 3 10
15 9 -10
15 12 -5
15 50 9
16 3 15
16 5 -7
16 15 10
16 18 13
16 25 5
16 30 5
16 32 7
16 46 3
17 11 -8
17 35 15
17 37 4
17 38 10
17 43 14
18 3 -13
18 13 15
18 41 9
18 46 8
19 17 -11
19 26 10
19 28 13
20 2 -7
20 9 14
20 39 -3
20 46 8
20 49 6
21 3 3
21 15 4
21 26 2
21 45 8
22 7 15
22 41 8
23 2 14
23 15 5
23 32 5
23 37 3
23 50 9
24 15 11
24 29 7
24 30 -5
25 11 13
25 18 2
25 31 5
25 36 -13
25 38 9
26 4 -6
26 13 3
26 31 12
27 18 13
27 24 6
28 1 13
28 2 10
28 15 12
28 16 3
28 30 2
28 41 2
28 48 14
29 4 14
29 15 6
29 26 -13
30 3 -5
30 4 -5
30 15 11
30 16 8
30 17 11
30 25 4
30 29 7
30 35 12
30 39 2
31 9 9
31 38 12
32 7 10
32 12 3
32 18 4
32 21 11
32 33 3
33 12 -11
33 15 4
33 17 2
33 19 15
33 27 13
33 37 -14
33 42 12
34 15 5
34 18 5
34 20 14
34 32 5
34 39 5
34 41 5
35 7 13
35 22 12
35 34 9
36 5 4
36 8 4
36 17 -15
36 26 10
37 35 6
38 14 14
38 26 9
38 31 4
38 39 5
38 43 11
39 2 12
39 6 8
39 18 15
39 22 7
39 24 10
39 41 2
40 18 -9
40 26 8
40 29 4
40 43 3
41 2 9
41 6 14
41 14 15
41 27 7
41 32 11
41 40 12
42 1 13
42 9 9
42 13 12
42 38 5
43 2 3
43 3 6
43 8 15
43 12 13
43 13 -12
43 20 2
43 33 2
43 40 14
44 5 9
44 6 12
44 23 6
44 27 13
44 29 12
44 36 2
44 38 9
44 39 -7
44 50 9
45 15 2
45 21 11
45 30 13
45 37 10
45 39 13
45 46 8
46 3 13
46 5 10
46 9 4
46 10 13
46 18 14
46 22 6
46 32 6
46 39 5
46 49 8
47 2 3
47 13 10
47 26 5
47 40 4
48 10 11
48 17 10
48 20 2
48 29 3
48 31 4
48 34 11
48 35 12
49 10 5
49 17 14
49 23 -14
49 31 8
49 32 6
49 38 13
49 44 12
50 28 9
50 41 8
50 45 12
50 49 11
