1 10 14
1 13 12
1 14 13
1 16 12
1 19 2
2 11 3
2 17 8
3 15 14
4 2 14
4 6 6
4 13 12
4 16 5
4 19 4
4 21 6
4 23 4
5 3 5
5 11 14
5 18 6
5 19 2
6 3 10
6 16 2
6 22 4
7 8 10
7 9 12
7 22 14
8 6 6
9 10 2
10 1 7
10 4 4
10 7 6
10 14 12
10 17 2
10 25 2
11 4 2
11 9 -11
11 20 7
12 4 8
12 5 13
13 5 9
14 2 11
14 18 2
15 6 12
15 10 4
15 19 4
15 22 11
15 23 13
15 24 11
16 9 14
16 21 4
17 19 15
17 24 7
18 6 8
18 8 6
18 21 7
18 25 4
19 1 11
19 4 8
19 7 6
19 10 6
19 16 10
19 25 8
20 1 14
21 16 15
21 22 8
22 10 2
22 11 5
22 24 14
23 4 6
23 17 8
23 19 2
24 5 15
24 12 8
24 15 4
24 16 12
25 11 12
