0 -14 0 12 0 0 0 0 0 0 0 0 0 0 0 0 0 0 -12 0 
0 0 -15 0 -9 0 0 0 0 0 0 0 0 0 0 9 5 0 12 0 
0 0 0 0 15 0 8 0 0 0 2 0 0 0 5 3 0 0 0 -11 
4 0 0 0 0 0 0 0 3 0 0 0 0 0 0 10 14 0 0 12 
8 0 0 0 0 0 0 0 0 0 0 0 5 0 0 0 0 0 0 -14 
8 0 0 8 0 0 9 0 14 2 8 0 0 0 0 13 0 -6 0 0 
0 0 0 0 0 0 0 0 -9 9 0 0 0 0 4 -15 2 -8 0 2 
10 0 0 8 -11 0 11 0 0 0 0 14 13 11 -4 0 0 0 0 -6 
0 0 0 0 0 14 0 0 0 0 0 9 0 14 0 -4 0 0 0 0 
0 0 0 0 0 10 0 0 0 0 0 0 0 13 0 14 7 4 9 0 
0 0 -10 0 0 11 0 0 7 0 0 0 0 10 0 0 0 0 10 -10 
0 0 13 0 0 0 0 0 0 0 0 0 13 0 0 0 0 4 -11 14 
0 12 15 0 0 13 0 0 0 0 0 0 0 0 0 14 0 0 -14 0 
0 0 0 0 9 0 7 0 6 0 8 0 0 0 0 0 0 0 0 0 
0 0 0 0 0 6 0 8 0 0 0 0 0 0 0 0 0 0 0 0 
0 0 0 0 0 0 0 8 0 0 5 0 0 0 0 0 0 14 0 0 
0 0 0 2 0 0 15 0 3 0 0 0 0 4 0 0 0 0 0 0 
0 0 3 0 0 0 0 4 0 0 0 0 7 0 2 0 0 0 0 0 
0 0 0 0 0 0 0 13 0 0 9 15 9 4 0 0 0 0 0 0 
0 0 0 0 0 0 0 8 0 0 4 0 9 0 0 0 11 14 6 0 
