0 0 5 12 0 0 0 0 0 0 0 0 0 0 0 0 0 0 0 0 0 15 0 0 0 0 0 0 0 0 9 0 0 0 0 0 0 0 0 0 0 0 0 0 0 0 0 0 0 0 
0 0 12 0 0 0 0 0 0 0 0 0 0 0 0 0 0 0 0 0 0 0 0 0 0 5 0 0 0 0 15 0 0 0 0 0 9 0 0 0 0 0 0 0 2 0 0 -3 10 0 
0 0 0 0 0 0 9 0 0 0 0 5 0 0 0 0 0 0 9 0 5 0 0 0 0 0 0 0 0 0 0 0 0 0 8 11 0 0 0 0 0 0 0 0 0 0 0 0 0 0 
0 0 0 0 0 0 0 0 0 0 0 0 0 0 0 0 0 0 0 0 0 0 0 0 0 0 0 0 0 0 0 0 14 0 0 0 0 0 0 0 0 0 0 0 0 0 0 0 0 0 
0 0 0 0 0 9 0 0 7 0 0 0 0 0 0 14 0 0 0 0 0 0 11 0 0 0 0 0 0 0 0 0 0 0 0 0 0 0 0 0 13 0 0 0 0 0 0 0 11 3 
0 0 0 0 0 0 8 0 0 0 8 0 0 0 0 14 15 0 0 0 0 0 0 0 0 0 0 9 0 13 0 11 0 0 0 0 0 8 0 0 0 0 0 0 0 6 0 0 0 0 
0 0 0 0 0 0 0 0 0 8 0 0 0 0 0 0 0 0 0 0 0 7 0 0 13 0 0 0 0 0 0 -9 0 0 0 0 0 0 0 0 0 0 0 0 0 0 0 0 0 11 
0 0 0 0 0 0 0 0 0 0 0 0 0 0 0 0 0 0 0 0 0 0 0 0 0 0 0 0 0 0 0 6 9 0 0 0 0 0 0 0 0 0 0 0 0 0 0 0 0 0 
0 0 0 0 0 0 0 0 0 0 0 0 0 0 0 0 0 0 0 0 0 0 0 0 0 0 0 0 0 14 0 0 0 0 13 0 0 0 10 0 0 0 0 0 0 0 0 0 0 14 
0 0 0 0 0 0 0 0 0 0 0 0 0 0 0 0 0 0 0 0 0 0 0 0 0 0 0 0 0 0 0 0 0 0 0 0 0 0 0 0 0 6 0 0 5 5 0 0 0 0 
0 0 0 0 0 0 0 0 0 0 0 0 0 0 0 0 7 0 0 6 0 0 0 10 0 0 0 0 0 0 0 0 0 0 0 0 0 0 0 0 0 0 0 0 0 0 0 0 0 0 
0 0 12 0 0 0 0 0 0 3 0 0 0 0 0 0 0 0 0 0 0 0 0 0 0 0 0 0 0 0 0 0 0 0 0 0 0 0 7 0 0 0 0 0 0 0 0 0 0 0 
0 0 13 0 2 0 0 0 0 0 0 0 0 0 9 14 0 0 0 0 0 0 0 0 0 0 0 0 0 0 5 0 0 0 0 0 0 0 5 0 0 0 0 0 0 0 0 0 6 0 
0 13 0 0 0 0 0 0 0 0 0 0 0 0 0 0 0 0 0 10 0 13 0 0 0 0 0 0 7 0 0 0 0 0 0 0 0 0 0 0 0 0 10 0 0 0 0 0 0 0 
0 0 0 0 0 0 0 0 0 0 0 0 0 0 0 0 0 0 0 0 0 7 0 0 0 0 10 0 0 0 0 5 0 0 0 0 0 0 0 0 0 0 15 0 0 0 0 0 0 0 
0 8 0 0 0 0 0 4 0 0 0 0 0 0 0 0 0 0 0 0 0 0 0 0 0 9 0 0 0 0 0 10 0 0 0 15 0 0 0 0 0 0 0 0 0 0 0 0 0 8 
0 0 0 0 0 0 6 0 0 0 0 0 0 0 0 0 0 0 9 0 0 0 0 0 13 0 0 0 0 0 0 0 8 0 0 0 0 0 0 0 6 0 0 0 0 0 0 0 0 0 
0 0 0 0 0 0 0 0 10 0 0 0 0 0 0 0 0 0 0 0 9 0 4 0 0 0 0 0 0 0 0 0 0 0 0 0 0 0 0 0 0 0 0 0 0 0 0 0 0 0 
7 8 0 0 14 3 0 0 0 0 0 0 0 0 0 0 4 0 0 0 0 0 0 0 0 0 2 0 0 0 0 0 0 0 0 0 0 0 0 0 0 5 0 0 0 0 0 0 0 0 
0 0 0 0 0 0 0 0 0 0 0 0 0 0 0 0 0 0 0 0 0 0 0 0 0 0 0 0 0 0 0 0 0 2 0 0 0 0 0 0 8 0 0 0 0 0 0 0 0 0 
0 7 0 0 0 0 0 0 0 0 0 0 0 0 0 0 4 0 0 0 0 0 0 0 10 0 0 0 14 0 0 0 0 0 0 10 0 0 0 0 0 0 0 0 7 0 3 0 0 0 
0 6 0 0 0 0 0 0 0 0 15 0 0 0 0 0 0 0 0 0 0 0 0 0 0 0 13 0 0 0 0 0 0 0 0 0 0 0 0 0 0 0 0 0 0 0 0 0 0 0 
0 0 0 0 11 0 0 0 0 0 0 0 0 0 0 0 0 0 0 15 0 0 0 0 0 0 0 0 0 0 0 0 0 2 0 0 0 0 0 0 0 0 0 0 0 6 0 0 0 0 
0 0 0 13 14 0 0 0 0 0 0 0 0 0 0 2 6 0 0 4 0 0 0 0 0 0 0 0 0 0 4 0 0 0 0 0 13 0 0 0 0 0 0 0 0 0 0 0 0 0 
0 10 6 0 0 0 0 0 0 3 0 0 0 13 6 0 0 0 0 7 0 0 0 0 0 0 0 0 0 0 0 0 0 0 0 9 0 0 0 0 0 0 0 0 0 0 0 0 0 0 
0 0 12 14 0 0 0 10 0 0 6 0 0 0 8 0 0 0 0 0 0 0 0 0 0 0 0 0 0 9 0 0 12 0 0 0 0 0 0 0 0 0 0 0 15 0 0 0 0 0 
0 0 0 3 8 0 0 0 0 0 0 0 0 0 0 0 0 0 0 0 0 0 0 0 0 0 0 0 0 0 0 0 0 0 12 0 0 0 0 0 0 0 0 0 0 13 0 6 0 0 
0 0 0 0 6 0 0 0 0 0 0 0 0 0 0 0 0 0 0 0 0 0 0 0 0 0 0 0 6 0 0 0 0 0 0 0 0 0 0 0 0 0 0 0 0 0 0 0 0 5 
0 0 0 0 0 0 0 0 0 0 0 0 7 0 11 0 0 0 0 13 0 0 0 0 14 0 0 0 0 0 0 0 0 3 0 0 0 0 0 0 2 0 0 0 0 0 14 0 9 0 
0 0 0 0 0 0 0 0 0 0 0 0 0 0 0 0 0 0 0 6 0 0 0 0 0 0 0 0 0 0 0 0 0 0 0 0 0 0 0 0 0 0 0 0 0 0 0 0 0 0 
0 0 8 0 0 0 0 0 0 0 0 0 0 0 12 0 0 0 0 0 0 0 15 7 3 0 0 14 14 -11 0 0 0 0 0 0 0 0 0 0 0 0 0 0 0 0 0 2 0 0 
0 0 0 0 0 0 0 0 0 5 0 0 0 0 0 0 0 3 0 0 0 4 0 0 0 0 0 0 0 0 0 0 0 5 0 2 0 0 0 0 0 4 0 0 0 0 0 0 0 0 
0 0 0 0 0 0 0 0 0 0 0 0 0 0 0 0 0 0 0 0 0 0 0 0 0 0 0 0 0 0 11 0 0 0 0 0 10 0 0 0 0 0 0 0 0 0 0 0 0 0 
0 0 4 15 0 0 0 15 9 0 0 0 0 0 0 0 0 0 0 0 0 0 0 2 0 3 0 0 0 0 0 0 0 0 0 0 0 5 0 0 0 0 0 0 0 0 0 0 0 0 
0 0 0 0 0 0 0 0 0 0 0 0 0 0 0 0 5 0 0 0 0 0 0 0 0 0 0 0 0 0 0 0 0 0 0 0 2 0 0 0 0 0 0 0 0 0 0 0 0 0 
0 0 0 0 0 0 0 0 0 0 0 0 0 0 0 0 0 0 0 0 3 2 0 0 0 0 0 9 0 11 0 0 0 0 0 0 0 0 0 0 0 0 0 10 0 0 0 0 0 0 
0 0 0 0 0 0 15 0 0 0 0 0 0 14 0 0 0 0 0 0 0 0 0 0 4 0 8 12 0 0 0 0 0 0 0 0 0 0 0 3 15 11 0 11 0 0 0 0 0 0 
0 0 0 0 0 0 0 0 0 0 0 0 0 0 0 0 0 0 0 0 0 0 0 14 0 0 0 0 0 0 7 0 0 0 0 0 0 0 0 0 0 0 0 0 0 0 0 10 0 0 
0 0 0 0 0 0 0 0 0 0 0 0 0 0 0 0 0 0 0 0 0 0 0 0 0 0 0 0 0 0 14 0 0 0 0 0 0 0 0 0 0 10 0 0 0 0 0 0 0 0 
0 0 0 0 0 0 0 0 0 0 0 0 0 0 3 0 0 0 0 0 0 0 0 0 8 0 0 0 0 3 0 0 0 0 0 0 0 3 13 0 0 7 0 8 0 0 0 0 0 13 
0 0 0 0 0 0 0 0 0 0 0 0 0 15 0 0 0 0 0 0 0 0 15 0 0 0 0 0 0 0 0 0 0 0 0 0 0 5 10 0 0 3 0 0 0 0 0 0 10 0 
0 0 3 0 0 0 0 0 0 0 7 0 0 0 0 0 0 0 0 0 0 0 0 0 0 10 0 0 0 0 0 0 0 0 0 0 0 0 0 0 0 0 0 0 0 0 0 0 0 4 
0 0 0 0 0 0 0 0 0 0 0 0 0 0 5 0 0 0 0 0 0 0 0 0 0 0 0 0 12 0 0 0 0 0 0 0 0 0 0 0 0 11 0 4 0 14 0 0 0 0 
0 13 0 0 0 0 0 0 14 0 0 0 8 0 0 0 0 0 13 0 0 0 8 0 0 0 0 0 0 0 0 0 0 0 0 0 0 0 0 0 0 0 0 0 0 0 0 0 12 0 
0 0 0 0 0 0 0 0 0 0 0 0 0 0 0 0 0 0 0 0 0 0 0 0 0 0 0 0 0 0 8 0 0 0 0 0 0 0 0 7 0 0 0 0 0 0 0 0 0 0 
0 7 0 0 0 4 0 0 0 0 0 0 0 0 0 0 0 0 0 0 0 0 0 0 0 12 0 0 0 0 0 0 0 0 0 10 0 0 0 0 0 0 0 0 0 0 8 0 0 0 
15 0 0 0 0 0 0 0 0 0 0 0 0 0 6 0 0 0 0 0 0 0 0 0 0 0 0 0 9 0 0 0 0 0 0 0 0 0 0 0 0 0 0 0 0 12 0 0 0 0 
0 0 0 0 0 9 0 0 0 0 9 0 0 0 0 14 0 0 0 0 0 0 0 0 0 0 0 9 0 12 0 0 0 11 0 0 0 0 0 13 0 0 0 0 0 0 0 0 0 0 
0 0 0 0 0 0 0 0 0 0 0 0 0 0 0 0 0 0 0 0 8 0 0 0 13 0 0 0 2 0 0 0 0 7 0 0 0 0 10 9 0 0 2 4 0 0 0 0 0 0 
0 0 0 0 0 0 0 0 0 5 0 0 0 0 0 0 11 0 0 0 0 0 0 0 0 0 0 0 0 0 11 0 0 0 0 0 0 0 0 0 0 0 0 0 0 0 0 2 0 0 
